Std No.	Outgassing	ChemProd	ChemLoss	DryDepo		WetDepo		Escape		Condensation	Net Flux	Global Change
3	0.000000e+00	5.703928e+12	-5.695915e+12	-6.182177e-06	-5.250905e-08	-8.012979e+09	0.000000e+00	3.479948e-01	3.688186e-16
53	3.000000e+10	2.048667e+09	-1.190293e+10	-0.000000e+00	0.000000e+00	-2.014574e+10	0.000000e+00	1.844048e+00	1.505616e-22
1	0.000000e+00	6.356182e+13	-6.356182e+13	-3.929592e-01	-9.707094e-03	-0.000000e+00	0.000000e+00	1.989161e+04	1.343508e-14
56	0.000000e+00	1.850339e+13	-1.850339e+13	-0.000000e+00	-1.237449e-18	-0.000000e+00	0.000000e+00	5.473483e+04	1.329251e-05
54	0.000000e+00	6.597966e+13	-6.597966e+13	-0.000000e+00	0.000000e+00	-0.000000e+00	0.000000e+00	6.855751e+04	4.859801e-21
2	0.000000e+00	5.097773e+13	-5.091608e+13	-6.165071e+10	-1.367825e+05	-0.000000e+00	0.000000e+00	-6.749931e+04	-5.676119e-15
4	0.000000e+00	5.691952e+12	-5.691952e+12	-1.481917e-04	-2.497416e-06	-0.000000e+00	0.000000e+00	5.514364e+02	6.190640e-09
5	0.000000e+00	1.915594e+12	-1.915592e+12	-1.196716e+06	-1.452310e+06	-0.000000e+00	0.000000e+00	-2.788781e+00	-1.142521e-14
7	1.000000e-02	7.481009e+08	-1.438831e+08	-0.000000e+00	0.000000e+00	-0.000000e+00	-3.688523e+26	-3.688523e+26	-1.410186e+04
6	0.000000e+00	1.060330e+11	-1.001871e+11	-1.208812e+09	-4.637027e+09	-0.000000e+00	0.000000e+00	-2.742078e+02	-3.741700e-16
52	9.000000e-01	1.432401e+13	-1.452157e+13	-0.000000e+00	-4.771552e+13	-0.000000e+00	0.000000e+00	-4.791308e+13	-3.683098e-12
20	0.000000e+00	3.211298e+12	-3.013436e+12	-1.978617e+11	0.000000e+00	-0.000000e+00	0.000000e+00	4.167901e+03	3.439020e-22
22	0.000000e+00	2.743091e+08	-2.736127e+08	-3.317380e+04	-6.631848e+05	-0.000000e+00	0.000000e+00	-1.544937e-01	-1.720997e-16
61	0.000000e+00	1.442030e+09	-1.442030e+09	-8.553640e-10	-8.673105e-21	-0.000000e+00	0.000000e+00	9.123564e-02	1.201072e-07
19	0.000000e+00	6.765442e+11	-6.765442e+11	-0.000000e+00	-9.967379e-20	-0.000000e+00	0.000000e+00	-1.220703e-03	-1.716738e-12
58	0.000000e+00	3.696845e+06	-3.696845e+06	-0.000000e+00	-8.621757e-25	-0.000000e+00	0.000000e+00	-8.668331e-04	-1.429593e-07
59	0.000000e+00	3.769545e+06	-3.769545e+06	-0.000000e+00	-2.893084e-25	-0.000000e+00	0.000000e+00	-2.893084e-25	-1.421961e-28
80	0.000000e+00	3.139338e+07	-3.139338e+07	-0.000000e+00	-4.150909e-21	-0.000000e+00	0.000000e+00	-7.639393e-03	-2.590042e-10
60	0.000000e+00	2.333574e+08	-2.333574e+08	-0.000000e+00	-4.807248e-20	-0.000000e+00	0.000000e+00	-5.909622e-03	-3.750809e-09
21	3.000000e+08	1.123138e+04	-3.000112e+08	-0.000000e+00	0.000000e+00	-0.000000e+00	0.000000e+00	3.075415e-02	9.442284e-23
62	0.000000e+00	4.831606e+07	-4.831606e+07	-1.491056e-12	-4.939447e-23	-0.000000e+00	0.000000e+00	-1.937166e-07	-5.394391e-11
24	0.000000e+00	1.761201e+03	-1.761185e+03	-1.163794e-02	-3.776776e-03	-0.000000e+00	0.000000e+00	3.455191e-09	2.351381e-16
63	0.000000e+00	8.793794e-03	-8.793794e-03	-8.353215e-25	-3.088140e-19	-0.000000e+00	0.000000e+00	2.537705e-11	1.942745e-05
23	0.000000e+00	1.079953e+01	-5.709256e-02	-6.491078e-01	-1.009333e+01	-0.000000e+00	0.000000e+00	-1.691873e-10	-1.629391e-17
71	0.000000e+00	1.696329e+08	-1.696329e+08	-0.000000e+00	-1.098784e-07	-0.000000e+00	0.000000e+00	-2.047140e-08	-6.034031e-12
25	0.000000e+00	1.534502e+01	-1.312301e+01	-1.533596e+00	-6.884116e-01	-0.000000e+00	0.000000e+00	-2.704071e-08	-7.113428e-17
26	0.000000e+00	1.270588e-46	-2.685264e-15	-0.000000e+00	-4.941996e-42	-0.000000e+00	0.000000e+00	-2.685264e-15	-5.966337e+02
64	0.000000e+00	2.487955e-08	-2.487955e-08	-0.000000e+00	-5.447942e-35	-0.000000e+00	0.000000e+00	9.030787e-16	5.665237e-07
27	0.000000e+00	4.662435e-05	-4.662435e-05	-0.000000e+00	0.000000e+00	-0.000000e+00	0.000000e+00	1.689449e-14	2.810382e-14
28	0.000000e+00	6.931130e-05	-6.931130e-05	-0.000000e+00	-1.107749e-30	-0.000000e+00	0.000000e+00	-4.073890e-16	-1.889323e-08
29	0.000000e+00	2.356554e+00	-2.356554e+00	-0.000000e+00	0.000000e+00	-0.000000e+00	0.000000e+00	4.920508e-13	6.829397e-13
30	0.000000e+00	4.176839e-05	-4.176839e-05	-0.000000e+00	-2.751190e-25	-0.000000e+00	0.000000e+00	-1.511784e-17	-1.925605e-14
31	0.000000e+00	2.008705e-04	-4.367448e-05	-1.571960e-04	0.000000e+00	-0.000000e+00	0.000000e+00	2.488136e-15	2.578669e-22
32	0.000000e+00	7.107431e+01	-7.107431e+01	-0.000000e+00	-1.638637e-20	-0.000000e+00	0.000000e+00	4.405365e-13	2.271361e-20
33	0.000000e+00	1.165432e+01	-1.114428e+01	-2.594692e-02	-4.840944e-01	-0.000000e+00	0.000000e+00	7.605028e-15	1.025020e-22
34	0.000000e+00	3.289553e+01	-3.289553e+01	-1.422503e-08	-1.551113e-19	-0.000000e+00	0.000000e+00	6.901409e-08	9.609623e-11
35	0.000000e+00	4.299406e-05	-4.131867e-05	-1.628723e-06	-4.666587e-08	-0.000000e+00	0.000000e+00	-1.356554e-14	-5.541069e-17
36	0.000000e+00	3.047434e-05	-3.047434e-05	-1.876049e-21	-1.038880e-31	-0.000000e+00	0.000000e+00	3.904640e-18	3.013755e-13
40	0.000000e+00	2.456544e+06	-2.456544e+06	-0.000000e+00	-4.018308e-23	-0.000000e+00	0.000000e+00	7.851147e-04	1.728849e-07
41	0.000000e+00	2.630345e-12	-2.630345e-12	-0.000000e+00	-1.477780e-35	-0.000000e+00	0.000000e+00	-2.705991e-22	-7.077388e-13
76	0.000000e+00	1.489638e-27	-1.489638e-27	-0.000000e+00	-3.008308e-50	-0.000000e+00	0.000000e+00	-9.102099e-38	-5.536692e-14
77	0.000000e+00	4.292852e-38	-4.292852e-38	-0.000000e+00	-1.098211e-59	-0.000000e+00	0.000000e+00	-2.853531e-48	-2.757254e-14
42	0.000000e+00	1.024630e+08	-1.024630e+08	-0.000000e+00	-1.243248e-15	-0.000000e+00	0.000000e+00	4.447406e-01	1.002561e-11
43	3.000000e+09	3.100994e+08	-3.057918e+08	-2.691802e+09	-3.125060e+08	-0.000000e+00	0.000000e+00	-1.145505e+00	-5.800409e-16
74	0.000000e+00	2.039963e+08	-2.039963e+08	-0.000000e+00	-8.991302e-20	-0.000000e+00	0.000000e+00	6.997274e-01	1.144294e-03
75	0.000000e+00	1.992914e+07	-1.992914e+07	-0.000000e+00	-7.046511e-19	-0.000000e+00	0.000000e+00	2.524368e-04	1.323931e-07
44	0.000000e+00	1.445644e+04	-1.445644e+04	-2.043066e-06	-6.518597e-04	-0.000000e+00	0.000000e+00	-1.212789e-06	-1.586774e-15
45	3.000000e+08	1.793572e+00	-4.320443e+06	-2.955561e+08	-1.234433e+05	-0.000000e+00	0.000000e+00	-4.282469e-02	-3.664181e-18
46	0.000000e+00	4.321018e+06	-4.321018e+06	-0.000000e+00	-5.024691e-21	-0.000000e+00	0.000000e+00	4.282633e-02	2.111278e-06
47	0.000000e+00	1.950611e+05	-1.950611e+05	-0.000000e+00	-3.450750e-22	-0.000000e+00	0.000000e+00	-8.731149e-11	-4.793029e-14
48	0.000000e+00	4.129466e+06	-4.129466e+06	-0.000000e+00	-1.150237e-21	-0.000000e+00	0.000000e+00	9.313226e-10	2.145570e-11
68	0.000000e+00	2.654971e+03	-2.654971e+03	-1.098545e-14	-3.858317e-13	-0.000000e+00	0.000000e+00	-1.306312e-12	-1.558029e-12
73	0.000000e+00	1.295445e+04	-1.068231e+02	-4.036611e+03	-7.208769e+03	-0.000000e+00	-1.602250e+03	7.879862e-09	1.567319e-20
78	0.000000e+00	0.000000e+00	0.000000e+00	-1.602250e+03	-3.322396e-09	-0.000000e+00	1.602250e+03	-1.546141e-11	-2.462044e-23
79	0.000000e+00	5.706657e-86	0.000000e+00	-0.000000e+00	-5.704693e-86	-0.000000e+00	0.000000e+00	1.964941e-89	2.003218e-22
111	0.000000e+00	0.000000e+00	0.000000e+00	-0.000000e+00	0.000000e+00	-0.000000e+00	0.000000e+00	0.000000e+00	nan
