<ATMOSPHERE-DESCRIPTION>MEAC Photochemistry
<ATMOSPHERE-STRUCTURE>Equilibrium
<ATMOSPHERE-PRESSURE>0.989
<ATMOSPHERE-PUNIT>bar
<ATMOSPHERE-WEIGHT>41.433
<ATMOSPHERE-NGAS>11
<ATMOSPHERE-GAS>N2,H2O,CH4,CO2,O2,O3,CO,H2CO,NO2,SO2,N2O
<ATMOSPHERE-TYPE>HIT[22],HIT[1],HIT[6],HIT[2],HIT[7],HIT[3],HIT[5],HIT[20],HIT[10],HIT[9],HIT[4]
<ATMOSPHERE-ABUN>1,1,1,1,1,1,1,1,1,1,1
<ATMOSPHERE-UNIT>scl,scl,scl,scl,scl,scl,scl,scl,scl,scl,scl
<ATMOSPHERE-LAYERS-MOLECULES>Altitude,H2O,CH4,C2H6,CO2,O2,O3,CO,H2CO,NO,NO2,SO2,N2O,N2
<ATMOSPHERE-LAYERS>100
<ATMOSPHERE-LAYER-1>9.89292e-01,2.80786e+02,5.00000e-01,9.24736e-03,4.93074e-05,2.05512e-14,8.32263e-01,9.71619e-06,4.87731e-14,6.50058e-02,2.52901e-14,0.00000e+00,0.00000e+00,0.00000e+00,0.00000e+00,9.24736e-02
<ATMOSPHERE-LAYER-2>8.17046e-01,2.66358e+02,1.50000e+00,8.42913e-04,4.97257e-05,2.07259e-14,8.39322e-01,9.79927e-06,8.63104e-14,6.55572e-02,6.86497e-14,0.00000e+00,0.00000e+00,0.00000e+00,0.00000e+00,9.32581e-02
<ATMOSPHERE-LAYER-3>6.73223e-01,2.51931e+02,2.50000e+00,2.72708e-04,4.97540e-05,2.07381e-14,8.39801e-01,9.80579e-06,1.84533e-13,6.55947e-02,1.27751e-13,0.00000e+00,0.00000e+00,0.00000e+00,0.00000e+00,9.33113e-02
<ATMOSPHERE-LAYER-4>5.48631e-01,2.37503e+02,3.50000e+00,7.59345e-05,4.97638e-05,2.07426e-14,8.39967e-01,9.80893e-06,7.73914e-13,6.56076e-02,2.03757e-13,0.00000e+00,0.00000e+00,0.00000e+00,0.00000e+00,9.33297e-02
<ATMOSPHERE-LAYER-5>4.41453e-01,2.23075e+02,4.50000e+00,1.76807e-05,4.97667e-05,2.07443e-14,8.40016e-01,9.81101e-06,2.76011e-12,6.56114e-02,2.99949e-13,0.00000e+00,0.00000e+00,0.00000e+00,0.00000e+00,9.33351e-02
<ATMOSPHERE-LAYER-6>3.50091e-01,2.08647e+02,5.50000e+00,3.31767e-06,4.97673e-05,2.07452e-14,8.40028e-01,9.81305e-06,7.67487e-12,6.56123e-02,4.23053e-13,0.00000e+00,0.00000e+00,0.00000e+00,0.00000e+00,9.33365e-02
<ATMOSPHERE-LAYER-7>2.73414e-01,1.96406e+02,6.50000e+00,6.78770e-07,4.97674e-05,2.07459e-14,8.40030e-01,9.81547e-06,2.27541e-11,6.56125e-02,5.82557e-13,0.00000e+00,0.00000e+00,0.00000e+00,0.00000e+00,9.33367e-02
<ATMOSPHERE-LAYER-8>2.10535e-01,1.86593e+02,7.50000e+00,1.70689e-07,4.97674e-05,2.07472e-14,8.40030e-01,9.82027e-06,7.52373e-11,6.56126e-02,8.97607e-13,0.00000e+00,0.00000e+00,0.00000e+00,0.00000e+00,9.33368e-02
<ATMOSPHERE-LAYER-9>1.59947e-01,1.78404e+02,8.50000e+00,4.97967e-08,4.97671e-05,2.07525e-14,8.40030e-01,9.84118e-06,2.10342e-10,6.56126e-02,2.05093e-12,0.00000e+00,0.00000e+00,0.00000e+00,0.00000e+00,9.33368e-02
<ATMOSPHERE-LAYER-10>1.20445e-01,1.75000e+02,9.50000e+00,3.39255e-08,4.97661e-05,2.07704e-14,8.40030e-01,9.92076e-06,3.58635e-10,6.56128e-02,4.63448e-12,0.00000e+00,0.00000e+00,0.00000e+00,0.00000e+00,9.33368e-02
<ATMOSPHERE-LAYER-11>9.05246e-02,1.75000e+02,1.05000e+01,3.67892e-08,4.97640e-05,2.08065e-14,8.40030e-01,1.01134e-05,4.56024e-10,6.56132e-02,7.73641e-12,0.00000e+00,0.00000e+00,0.00000e+00,0.00000e+00,9.33368e-02
<ATMOSPHERE-LAYER-12>6.80367e-02,1.75000e+02,1.15000e+01,4.15254e-08,4.97607e-05,2.08662e-14,8.40028e-01,1.05277e-05,5.99819e-10,6.56140e-02,1.29115e-11,0.00000e+00,0.00000e+00,0.00000e+00,0.00000e+00,9.33367e-02
<ATMOSPHERE-LAYER-13>5.11352e-02,1.75000e+02,1.25000e+01,4.79524e-08,4.97561e-05,2.09474e-14,8.40026e-01,1.12866e-05,1.08874e-09,6.56155e-02,2.57491e-11,0.00000e+00,0.00000e+00,0.00000e+00,0.00000e+00,9.33366e-02
<ATMOSPHERE-LAYER-14>3.84324e-02,1.75000e+02,1.35000e+01,5.59539e-08,4.97504e-05,2.10487e-14,8.40023e-01,1.25509e-05,1.79469e-09,6.56180e-02,5.69860e-11,0.00000e+00,0.00000e+00,0.00000e+00,0.00000e+00,9.33365e-02
<ATMOSPHERE-LAYER-15>2.88852e-02,1.75000e+02,1.45000e+01,6.49668e-08,4.97440e-05,2.11632e-14,8.40017e-01,1.43894e-05,8.95056e-09,6.56217e-02,1.42844e-10,0.00000e+00,0.00000e+00,0.00000e+00,0.00000e+00,9.33364e-02
<ATMOSPHERE-LAYER-16>2.17096e-02,1.75000e+02,1.55000e+01,7.49171e-08,4.97371e-05,2.12877e-14,8.40010e-01,1.69264e-05,2.26500e-08,6.56267e-02,2.49631e-10,0.00000e+00,0.00000e+00,0.00000e+00,0.00000e+00,9.33361e-02
<ATMOSPHERE-LAYER-17>1.63166e-02,1.75000e+02,1.65000e+01,8.55987e-08,4.97301e-05,2.14073e-14,8.40000e-01,2.02618e-05,3.26246e-08,6.56332e-02,3.11883e-10,0.00000e+00,0.00000e+00,0.00000e+00,0.00000e+00,9.33358e-02
<ATMOSPHERE-LAYER-18>1.22633e-02,1.75000e+02,1.75000e+01,9.68830e-08,4.97230e-05,2.15114e-14,8.39988e-01,2.45037e-05,3.64176e-08,6.56414e-02,3.30246e-10,0.00000e+00,0.00000e+00,0.00000e+00,0.00000e+00,9.33354e-02
<ATMOSPHERE-LAYER-19>9.21697e-03,1.75000e+02,1.85000e+01,1.08727e-07,4.97156e-05,2.16014e-14,8.39973e-01,2.97970e-05,3.74228e-08,6.56517e-02,3.27006e-10,0.00000e+00,0.00000e+00,0.00000e+00,0.00000e+00,9.33349e-02
<ATMOSPHERE-LAYER-20>6.92736e-03,1.75000e+02,1.95000e+01,1.20727e-07,4.97079e-05,2.16798e-14,8.39955e-01,3.61467e-05,3.84174e-08,6.56640e-02,3.16292e-10,0.00000e+00,0.00000e+00,0.00000e+00,0.00000e+00,9.33343e-02
<ATMOSPHERE-LAYER-21>5.20652e-03,1.75000e+02,2.05000e+01,1.33074e-07,4.96993e-05,2.17530e-14,8.39933e-01,4.39534e-05,4.12334e-08,6.56791e-02,3.03793e-10,0.00000e+00,0.00000e+00,0.00000e+00,0.00000e+00,9.33336e-02
<ATMOSPHERE-LAYER-22>3.91317e-03,1.75000e+02,2.15000e+01,1.44939e-07,4.96902e-05,2.18194e-14,8.39907e-01,5.31523e-05,4.62859e-08,6.56969e-02,2.88855e-10,0.00000e+00,0.00000e+00,0.00000e+00,0.00000e+00,9.33328e-02
<ATMOSPHERE-LAYER-23>2.94110e-03,1.75000e+02,2.25000e+01,1.55980e-07,4.96799e-05,2.18797e-14,8.39876e-01,6.41722e-05,5.41985e-08,6.57182e-02,2.69499e-10,0.00000e+00,0.00000e+00,0.00000e+00,0.00000e+00,9.33317e-02
<ATMOSPHERE-LAYER-24>2.21051e-03,1.75000e+02,2.35000e+01,1.65421e-07,4.96685e-05,2.19301e-14,8.39839e-01,7.71484e-05,6.50526e-08,6.57434e-02,2.44401e-10,0.00000e+00,0.00000e+00,0.00000e+00,0.00000e+00,9.33305e-02
<ATMOSPHERE-LAYER-25>1.66140e-03,1.75000e+02,2.45000e+01,1.72837e-07,4.96560e-05,2.19654e-14,8.39796e-01,9.22592e-05,7.83800e-08,6.57727e-02,2.14177e-10,0.00000e+00,0.00000e+00,0.00000e+00,0.00000e+00,9.33291e-02
<ATMOSPHERE-LAYER-26>1.24870e-03,1.75000e+02,2.55000e+01,1.78115e-07,4.96425e-05,2.19793e-14,8.39747e-01,1.09378e-04,9.10839e-08,6.58058e-02,1.80988e-10,0.00000e+00,0.00000e+00,0.00000e+00,0.00000e+00,9.33275e-02
<ATMOSPHERE-LAYER-27>9.38522e-04,1.75000e+02,2.65000e+01,1.81574e-07,4.96276e-05,2.19690e-14,8.39691e-01,1.29059e-04,1.00033e-07,6.58440e-02,1.47906e-10,0.00000e+00,0.00000e+00,0.00000e+00,0.00000e+00,9.33256e-02
<ATMOSPHERE-LAYER-28>7.05392e-04,1.75000e+02,2.75000e+01,1.83377e-07,4.96114e-05,2.19360e-14,8.39628e-01,1.51363e-04,1.04736e-07,6.58872e-02,1.17437e-10,0.00000e+00,0.00000e+00,0.00000e+00,0.00000e+00,9.33235e-02
<ATMOSPHERE-LAYER-29>5.30174e-04,1.75000e+02,2.85000e+01,1.83726e-07,4.95932e-05,2.18847e-14,8.39554e-01,1.77092e-04,1.05883e-07,6.59370e-02,9.12551e-11,0.00000e+00,0.00000e+00,0.00000e+00,0.00000e+00,9.33211e-02
<ATMOSPHERE-LAYER-30>3.98481e-04,1.75000e+02,2.95000e+01,1.82762e-07,4.95731e-05,2.18219e-14,8.39472e-01,2.06174e-04,1.03682e-07,6.59934e-02,7.00690e-11,0.00000e+00,0.00000e+00,0.00000e+00,0.00000e+00,9.33184e-02
<ATMOSPHERE-LAYER-31>2.99501e-04,1.75000e+02,3.05000e+01,1.80636e-07,4.95508e-05,2.17523e-14,8.39378e-01,2.38863e-04,9.88410e-08,6.60568e-02,5.32951e-11,0.00000e+00,0.00000e+00,0.00000e+00,0.00000e+00,9.33154e-02
<ATMOSPHERE-LAYER-32>2.25108e-04,1.75000e+02,3.15000e+01,1.77390e-07,4.95254e-05,2.16762e-14,8.39271e-01,2.76477e-04,9.00945e-08,6.61298e-02,3.98091e-11,0.00000e+00,0.00000e+00,0.00000e+00,0.00000e+00,9.33118e-02
<ATMOSPHERE-LAYER-33>1.69195e-04,1.75000e+02,3.25000e+01,1.73053e-07,4.94968e-05,2.15951e-14,8.39149e-01,3.19226e-04,8.23871e-08,6.62129e-02,2.84043e-11,0.00000e+00,0.00000e+00,0.00000e+00,0.00000e+00,9.33078e-02
<ATMOSPHERE-LAYER-34>1.27170e-04,1.75000e+02,3.35000e+01,1.67744e-07,4.94639e-05,2.15082e-14,8.39008e-01,3.68464e-04,7.60552e-08,6.63089e-02,1.99007e-11,0.00000e+00,0.00000e+00,0.00000e+00,0.00000e+00,9.33031e-02
<ATMOSPHERE-LAYER-35>9.55845e-05,1.75000e+02,3.45000e+01,1.61762e-07,4.94261e-05,2.14156e-14,8.38844e-01,4.25094e-04,6.91334e-08,6.64198e-02,1.44388e-11,0.00000e+00,0.00000e+00,0.00000e+00,0.00000e+00,9.32977e-02
<ATMOSPHERE-LAYER-36>7.18451e-05,1.75000e+02,3.55000e+01,1.54355e-07,4.93759e-05,2.13027e-14,8.38628e-01,4.99844e-04,6.27670e-08,6.65665e-02,1.08414e-11,0.00000e+00,0.00000e+00,0.00000e+00,0.00000e+00,9.32905e-02
<ATMOSPHERE-LAYER-37>5.40031e-05,1.75000e+02,3.65000e+01,1.45386e-07,4.93093e-05,2.11654e-14,8.38342e-01,5.98131e-04,5.91014e-08,6.67602e-02,8.53385e-12,0.00000e+00,0.00000e+00,0.00000e+00,0.00000e+00,9.32810e-02
<ATMOSPHERE-LAYER-38>4.05932e-05,1.75000e+02,3.75000e+01,1.34779e-07,4.92210e-05,2.09987e-14,8.37965e-01,7.26703e-04,5.86575e-08,6.70151e-02,7.04478e-12,0.00000e+00,0.00000e+00,0.00000e+00,0.00000e+00,9.32684e-02
<ATMOSPHERE-LAYER-39>3.05146e-05,1.75000e+02,3.85000e+01,1.22626e-07,4.91037e-05,2.07971e-14,8.37470e-01,8.93700e-04,6.13843e-08,6.73485e-02,6.06670e-12,0.00000e+00,0.00000e+00,0.00000e+00,0.00000e+00,9.32518e-02
<ATMOSPHERE-LAYER-40>2.29396e-05,1.75000e+02,3.95000e+01,1.09231e-07,4.89480e-05,2.05539e-14,8.36826e-01,1.10859e-03,6.73098e-08,6.77816e-02,5.40922e-12,0.00000e+00,0.00000e+00,0.00000e+00,0.00000e+00,9.32300e-02
<ATMOSPHERE-LAYER-41>1.72462e-05,1.75000e+02,4.05000e+01,9.50773e-08,4.87416e-05,2.02617e-14,8.35993e-01,1.38189e-03,7.67766e-08,6.83394e-02,4.96463e-12,0.00000e+00,0.00000e+00,0.00000e+00,0.00000e+00,9.32016e-02
<ATMOSPHERE-LAYER-42>1.29671e-05,1.75000e+02,4.15000e+01,8.07523e-08,4.84678e-05,1.99114e-14,8.34924e-01,1.72471e-03,9.04834e-08,6.90515e-02,4.69868e-12,0.00000e+00,0.00000e+00,0.00000e+00,0.00000e+00,9.31648e-02
<ATMOSPHERE-LAYER-43>9.75084e-06,1.75000e+02,4.25000e+01,6.68464e-08,4.81049e-05,1.94928e-14,8.33559e-01,2.14796e-03,1.09348e-07,6.99532e-02,4.65485e-12,0.00000e+00,0.00000e+00,0.00000e+00,0.00000e+00,9.31171e-02
<ATMOSPHERE-LAYER-44>7.33343e-06,1.75000e+02,4.35000e+01,5.38743e-08,4.76237e-05,1.89946e-14,8.31826e-01,2.66127e-03,1.34146e-07,7.10868e-02,4.94110e-12,0.00000e+00,0.00000e+00,0.00000e+00,0.00000e+00,9.30552e-02
<ATMOSPHERE-LAYER-45>5.51645e-06,1.75000e+02,4.45000e+01,4.22266e-08,4.69860e-05,1.84041e-14,8.29629e-01,3.27158e-03,1.64989e-07,7.25036e-02,5.86439e-12,0.00000e+00,0.00000e+00,0.00000e+00,0.00000e+00,9.29747e-02
<ATMOSPHERE-LAYER-46>4.15075e-06,1.75000e+02,4.55000e+01,3.21522e-08,4.61407e-05,1.77074e-14,8.26848e-01,3.98127e-03,2.00882e-07,7.42662e-02,8.30413e-12,0.00000e+00,0.00000e+00,0.00000e+00,0.00000e+00,9.28697e-02
<ATMOSPHERE-LAYER-47>3.12426e-06,1.75000e+02,4.65000e+01,2.37595e-08,4.50213e-05,1.68888e-14,8.23329e-01,4.78579e-03,2.39545e-07,7.64505e-02,1.38001e-11,0.00000e+00,0.00000e+00,0.00000e+00,0.00000e+00,9.27320e-02
<ATMOSPHERE-LAYER-48>2.35273e-06,1.75000e+02,4.75000e+01,1.70282e-08,4.35409e-05,1.59293e-14,8.18878e-01,5.67079e-03,2.77562e-07,7.91483e-02,2.76263e-11,0.00000e+00,0.00000e+00,0.00000e+00,0.00000e+00,9.25512e-02
<ATMOSPHERE-LAYER-49>1.77283e-06,1.75000e+02,4.85000e+01,1.18320e-08,4.15885e-05,1.48058e-14,8.13250e-01,6.60922e-03,3.10857e-07,8.24707e-02,5.96925e-11,0.00000e+00,0.00000e+00,0.00000e+00,0.00000e+00,9.23134e-02
<ATMOSPHERE-LAYER-50>1.33695e-06,1.75000e+02,4.95000e+01,7.96986e-09,3.90276e-05,1.34901e-14,8.06141e-01,7.55901e-03,3.35397e-07,8.65518e-02,1.42247e-10,0.00000e+00,0.00000e+00,0.00000e+00,0.00000e+00,9.20010e-02
<ATMOSPHERE-LAYER-51>1.00931e-06,1.75000e+02,5.05000e+01,5.20310e-09,3.57066e-05,1.19527e-14,7.97173e-01,8.46173e-03,3.48151e-07,9.15544e-02,3.50374e-10,0.00000e+00,0.00000e+00,0.00000e+00,0.00000e+00,9.15920e-02
<ATMOSPHERE-LAYER-52>7.63021e-07,1.75000e+02,5.15000e+01,3.28916e-09,3.15019e-05,1.01788e-14,7.85886e-01,9.24275e-03,3.47937e-07,9.76758e-02,7.94649e-10,0.00000e+00,0.00000e+00,0.00000e+00,0.00000e+00,9.10593e-02
<ATMOSPHERE-LAYER-53>5.77845e-07,1.75000e+02,5.25000e+01,2.00835e-09,2.64108e-05,8.19942e-15,7.71730e-01,9.81296e-03,3.35406e-07,1.05152e-01,1.55240e-09,0.00000e+00,0.00000e+00,0.00000e+00,0.00000e+00,9.03704e-02
<ATMOSPHERE-LAYER-54>4.38581e-07,1.75000e+02,5.35000e+01,1.17894e-09,2.06726e-05,6.12692e-15,7.54070e-01,1.00726e-02,3.11971e-07,1.14255e-01,2.53823e-09,0.00000e+00,0.00000e+00,0.00000e+00,0.00000e+00,8.94879e-02
<ATMOSPHERE-LAYER-55>3.33802e-07,1.75000e+02,5.45000e+01,6.60671e-10,1.48205e-05,4.15769e-15,7.32214e-01,9.91664e-03,2.78524e-07,1.25284e-01,3.43532e-09,0.00000e+00,0.00000e+00,0.00000e+00,0.00000e+00,8.83716e-02
<ATMOSPHERE-LAYER-56>2.54908e-07,1.75000e+02,5.55000e+01,3.50364e-10,9.55455e-06,2.51065e-15,7.05452e-01,9.23837e-03,2.35035e-07,1.38547e-01,3.83542e-09,0.00000e+00,0.00000e+00,0.00000e+00,0.00000e+00,8.69799e-02
<ATMOSPHERE-LAYER-57>1.95430e-07,1.75000e+02,5.65000e+01,1.74167e-10,5.45312e-06,1.32618e-15,6.73109e-01,7.92383e-03,1.81366e-07,1.54329e-01,3.53208e-09,0.00000e+00,0.00000e+00,0.00000e+00,0.00000e+00,8.52727e-02
<ATMOSPHERE-LAYER-58>1.50527e-07,1.75000e+02,5.75000e+01,8.04187e-11,2.72309e-06,6.05117e-16,6.34587e-01,5.82586e-03,1.18358e-07,1.72860e-01,2.68733e-09,0.00000e+00,0.00000e+00,0.00000e+00,0.00000e+00,8.32124e-02
<ATMOSPHERE-LAYER-59>1.16572e-07,1.75000e+02,5.85000e+01,3.42162e-11,1.18076e-06,2.36632e-16,5.89405e-01,2.70297e-03,4.81395e-08,1.94268e-01,1.69357e-09,0.00000e+00,0.00000e+00,0.00000e+00,0.00000e+00,8.07621e-02
<ATMOSPHERE-LAYER-60>9.08582e-08,1.75000e+02,5.95000e+01,1.33371e-11,4.42891e-07,7.89927e-17,5.37230e-01,6.94620e-08,5.97453e-10,2.16599e-01,8.97127e-10,0.00000e+00,0.00000e+00,0.00000e+00,0.00000e+00,7.78821e-02
<ATMOSPHERE-LAYER-61>7.13473e-08,1.75000e+02,6.05000e+01,4.75256e-12,1.43689e-07,2.24959e-17,4.78099e-01,3.92302e-09,8.34013e-12,2.36722e-01,4.04775e-10,0.00000e+00,0.00000e+00,0.00000e+00,0.00000e+00,7.45459e-02
<ATMOSPHERE-LAYER-62>5.64807e-08,1.75000e+02,6.15000e+01,1.55396e-12,4.04632e-08,5.48189e-18,4.12736e-01,2.08662e-09,1.47291e-13,2.56622e-01,1.54054e-10,0.00000e+00,0.00000e+00,0.00000e+00,0.00000e+00,7.07785e-02
<ATMOSPHERE-LAYER-63>4.50940e-08,1.75000e+02,6.25000e+01,4.76540e-13,9.94373e-09,1.14771e-18,3.42394e-01,1.33855e-09,1.22742e-14,2.75333e-01,5.01696e-11,0.00000e+00,0.00000e+00,0.00000e+00,0.00000e+00,6.66322e-02
<ATMOSPHERE-LAYER-64>3.63083e-08,1.75000e+02,6.35000e+01,1.51352e-13,2.14513e-09,2.06845e-19,2.69129e-01,9.34611e-10,5.44538e-15,2.91510e-01,1.42452e-11,0.00000e+00,0.00000e+00,0.00000e+00,0.00000e+00,6.22009e-02
<ATMOSPHERE-LAYER-65>2.94355e-08,1.75000e+02,6.45000e+01,6.83766e-14,4.08791e-10,3.20483e-20,1.96730e-01,6.90098e-10,2.97450e-15,3.02950e-01,3.62559e-12,0.00000e+00,0.00000e+00,0.00000e+00,0.00000e+00,5.76676e-02
<ATMOSPHERE-LAYER-66>2.39296e-08,1.75000e+02,6.55000e+01,5.68428e-14,6.93924e-11,4.26033e-21,1.30943e-01,5.41934e-10,1.69080e-15,3.06547e-01,8.61739e-13,0.00000e+00,0.00000e+00,0.00000e+00,0.00000e+00,5.33171e-02
<ATMOSPHERE-LAYER-67>1.93850e-08,1.75000e+02,6.65000e+01,6.30212e-14,1.06290e-11,4.87940e-22,7.79618e-02,4.64617e-10,1.01314e-15,2.99322e-01,2.01931e-13,0.00000e+00,0.00000e+00,0.00000e+00,0.00000e+00,4.94695e-02
<ATMOSPHERE-LAYER-68>1.55517e-08,1.75000e+02,6.75000e+01,6.70848e-14,1.50177e-12,4.94864e-23,4.15504e-02,4.26932e-10,6.27002e-16,2.80303e-01,4.93128e-14,0.00000e+00,0.00000e+00,0.00000e+00,0.00000e+00,4.63474e-02
<ATMOSPHERE-LAYER-69>1.23279e-08,1.75000e+02,6.85000e+01,6.15378e-14,2.01535e-13,4.68262e-24,2.02680e-02,3.86697e-10,3.71267e-16,2.52209e-01,1.30526e-14,0.00000e+00,0.00000e+00,0.00000e+00,0.00000e+00,4.39454e-02
<ATMOSPHERE-LAYER-70>9.67104e-09,1.75000e+02,6.95000e+01,4.75233e-14,2.63924e-14,4.36164e-25,9.30267e-03,3.19213e-10,1.96186e-16,2.19985e-01,3.77718e-15,0.00000e+00,0.00000e+00,0.00000e+00,0.00000e+00,4.21045e-02
<ATMOSPHERE-LAYER-71>7.52681e-09,1.75000e+02,7.05000e+01,3.08865e-14,3.43019e-15,4.12720e-26,4.10593e-03,2.33358e-10,9.02547e-17,1.87950e-01,1.17807e-15,0.00000e+00,0.00000e+00,0.00000e+00,0.00000e+00,4.06622e-02
<ATMOSPHERE-LAYER-72>5.82280e-09,1.75000e+02,7.15000e+01,1.72332e-14,4.45205e-16,3.98852e-27,1.76855e-03,1.54532e-10,3.69637e-17,1.58632e-01,3.95479e-16,0.00000e+00,0.00000e+00,0.00000e+00,0.00000e+00,3.95067e-02
<ATMOSPHERE-LAYER-73>4.48314e-09,1.75000e+02,7.25000e+01,8.55904e-15,5.77552e-17,3.90853e-28,7.50565e-04,9.71618e-11,1.41193e-17,1.33035e-01,1.49901e-16,0.00000e+00,0.00000e+00,0.00000e+00,0.00000e+00,3.85673e-02
<ATMOSPHERE-LAYER-74>3.43827e-09,1.75000e+02,7.35000e+01,3.92977e-15,7.48826e-18,3.85673e-29,3.15783e-04,6.04158e-11,5.24932e-18,1.11258e-01,7.09389e-17,0.00000e+00,0.00000e+00,0.00000e+00,0.00000e+00,3.77974e-02
<ATMOSPHERE-LAYER-75>2.62836e-09,1.75000e+02,7.45000e+01,1.71873e-15,9.70546e-19,3.82276e-30,1.32219e-04,3.80590e-11,1.95229e-18,9.29759e-02,4.48283e-17,0.00000e+00,0.00000e+00,0.00000e+00,0.00000e+00,3.71635e-02
<ATMOSPHERE-LAYER-76>2.00377e-09,1.75000e+02,7.55000e+01,7.31000e-16,1.25795e-19,3.84165e-31,5.52255e-05,2.45508e-11,7.36436e-19,7.77250e-02,3.57029e-17,0.00000e+00,0.00000e+00,0.00000e+00,0.00000e+00,3.66398e-02
<ATMOSPHERE-LAYER-77>1.52412e-09,1.75000e+02,7.65000e+01,3.06357e-16,1.63108e-20,4.21169e-32,2.30432e-05,1.62617e-11,2.83208e-19,6.50314e-02,3.21370e-17,0.00000e+00,0.00000e+00,0.00000e+00,0.00000e+00,3.62061e-02
<ATMOSPHERE-LAYER-78>1.15707e-09,1.75000e+02,7.75000e+01,1.27550e-16,2.11620e-21,7.12759e-33,9.61313e-06,1.10449e-11,1.11073e-19,5.44682e-02,3.04612e-17,0.00000e+00,0.00000e+00,0.00000e+00,0.00000e+00,3.58461e-02
<ATMOSPHERE-LAYER-79>8.77008e-10,1.75000e+02,7.85000e+01,5.30260e-17,2.74766e-22,2.87199e-33,4.01145e-06,7.66792e-12,4.43410e-20,4.56702e-02,2.94788e-17,0.00000e+00,0.00000e+00,0.00000e+00,0.00000e+00,3.55467e-02
<ATMOSPHERE-LAYER-80>6.63840e-10,1.75000e+02,7.95000e+01,2.20911e-17,3.57034e-23,1.87986e-33,1.67475e-06,5.42137e-12,1.79675e-20,3.83324e-02,2.87852e-17,0.00000e+00,0.00000e+00,0.00000e+00,0.00000e+00,3.52971e-02
<ATMOSPHERE-LAYER-81>5.01921e-10,1.75000e+02,8.05000e+01,9.25347e-18,4.64287e-24,1.36556e-33,6.99603e-07,3.88978e-12,7.36917e-21,3.22035e-02,2.82323e-17,0.00000e+00,0.00000e+00,0.00000e+00,0.00000e+00,3.50887e-02
<ATMOSPHERE-LAYER-82>3.79139e-10,1.75000e+02,8.15000e+01,3.91345e-18,6.04191e-25,1.00950e-33,2.92424e-07,2.82356e-12,3.05136e-21,2.70767e-02,2.77568e-17,0.00000e+00,0.00000e+00,0.00000e+00,0.00000e+00,3.49144e-02
<ATMOSPHERE-LAYER-83>2.86166e-10,1.75000e+02,8.25000e+01,1.68152e-18,7.86776e-26,7.49498e-34,1.22298e-07,2.06845e-12,1.27293e-21,2.27824e-02,2.73240e-17,0.00000e+00,0.00000e+00,0.00000e+00,0.00000e+00,3.47684e-02
<ATMOSPHERE-LAYER-84>2.15849e-10,1.75000e+02,8.35000e+01,7.41207e-19,1.02523e-26,5.57641e-34,5.11748e-08,1.52626e-12,5.34130e-22,1.91810e-02,2.69090e-17,0.00000e+00,0.00000e+00,0.00000e+00,0.00000e+00,3.46460e-02
<ATMOSPHERE-LAYER-85>1.62720e-10,1.75000e+02,8.45000e+01,3.39908e-19,1.33724e-27,4.15526e-34,2.14237e-08,1.13274e-12,2.25171e-22,1.61574e-02,2.64902e-17,0.00000e+00,0.00000e+00,0.00000e+00,0.00000e+00,3.45432e-02
<ATMOSPHERE-LAYER-86>1.22610e-10,1.75000e+02,8.55000e+01,1.65051e-19,1.74844e-28,3.09990e-34,8.97249e-09,8.44730e-13,9.52912e-23,1.36168e-02,2.60463e-17,0.00000e+00,0.00000e+00,0.00000e+00,0.00000e+00,3.44568e-02
<ATMOSPHERE-LAYER-87>9.23513e-11,1.75000e+02,8.65000e+01,8.63194e-20,2.30647e-29,2.31465e-34,3.75912e-09,6.32582e-13,4.04636e-23,1.14802e-02,2.55558e-17,0.00000e+00,0.00000e+00,0.00000e+00,0.00000e+00,3.43842e-02
<ATMOSPHERE-LAYER-88>6.95369e-11,1.75000e+02,8.75000e+01,4.90835e-20,3.15294e-30,1.72941e-34,1.57541e-09,4.75550e-13,1.72374e-23,9.68232e-03,2.49969e-17,0.00000e+00,0.00000e+00,0.00000e+00,0.00000e+00,3.43231e-02
<ATMOSPHERE-LAYER-89>5.23440e-11,1.75000e+02,8.85000e+01,3.02464e-20,4.91814e-31,1.29266e-34,6.60411e-10,3.58881e-13,7.36737e-24,8.16873e-03,2.43488e-17,0.00000e+00,0.00000e+00,0.00000e+00,0.00000e+00,3.42717e-02
<ATMOSPHERE-LAYER-90>3.93927e-11,1.75000e+02,8.95000e+01,1.99107e-20,1.09224e-31,9.66365e-35,2.76908e-10,2.71953e-13,3.16036e-24,6.89415e-03,2.35934e-17,0.00000e+00,0.00000e+00,0.00000e+00,0.00000e+00,3.42284e-02
<ATMOSPHERE-LAYER-91>2.96400e-11,1.75000e+02,9.05000e+01,1.37420e-20,3.94916e-32,7.22356e-35,1.16129e-10,2.07040e-13,1.36144e-24,5.82083e-03,2.27184e-17,0.00000e+00,0.00000e+00,0.00000e+00,0.00000e+00,3.41919e-02
<ATMOSPHERE-LAYER-92>2.22981e-11,1.75000e+02,9.15000e+01,9.77676e-21,1.92806e-32,5.39746e-35,4.87098e-11,1.58480e-13,5.89472e-25,4.91738e-03,2.17194e-17,0.00000e+00,0.00000e+00,0.00000e+00,0.00000e+00,3.41612e-02
<ATMOSPHERE-LAYER-93>1.67724e-11,1.75000e+02,9.25000e+01,7.07910e-21,1.04097e-32,4.02999e-35,2.04341e-11,1.22098e-13,2.56803e-25,4.15782e-03,2.06023e-17,0.00000e+00,0.00000e+00,0.00000e+00,0.00000e+00,3.41355e-02
<ATMOSPHERE-LAYER-94>1.26145e-11,1.75000e+02,9.35000e+01,5.17129e-21,5.75759e-33,3.00542e-35,8.57333e-12,9.47984e-14,1.12711e-25,3.52083e-03,1.93848e-17,0.00000e+00,0.00000e+00,0.00000e+00,0.00000e+00,3.41139e-02
<ATMOSPHERE-LAYER-95>9.48637e-12,1.75000e+02,9.45000e+01,3.78878e-21,3.19400e-33,2.23746e-35,3.59745e-12,7.42793e-14,4.99103e-26,2.98934e-03,1.80970e-17,0.00000e+00,0.00000e+00,0.00000e+00,0.00000e+00,3.40959e-02
<ATMOSPHERE-LAYER-96>7.13327e-12,1.75000e+02,9.55000e+01,2.77236e-21,1.76625e-33,1.66164e-35,1.50977e-12,5.88220e-14,2.23312e-26,2.55022e-03,1.67826e-17,0.00000e+00,0.00000e+00,0.00000e+00,0.00000e+00,3.40811e-02
<ATMOSPHERE-LAYER-97>5.36340e-12,1.75000e+02,9.65000e+01,2.01916e-21,9.70851e-34,1.22979e-35,6.33978e-13,4.71384e-14,1.01089e-26,2.19443e-03,1.55002e-17,0.00000e+00,0.00000e+00,0.00000e+00,0.00000e+00,3.40692e-02
<ATMOSPHERE-LAYER-98>4.03234e-12,1.75000e+02,9.75000e+01,1.45932e-21,5.29123e-34,9.05906e-36,2.67185e-13,3.82595e-14,4.63388e-27,1.91747e-03,1.43282e-17,0.00000e+00,0.00000e+00,0.00000e+00,0.00000e+00,3.40600e-02
<ATMOSPHERE-LAYER-99>3.03137e-12,1.75000e+02,9.85000e+01,1.04650e-21,2.85656e-34,6.63671e-36,1.15591e-13,3.14520e-14,2.15144e-27,1.72051e-03,1.33730e-17,0.00000e+00,0.00000e+00,0.00000e+00,0.00000e+00,3.40536e-02
<ATMOSPHERE-LAYER-100>2.27867e-12,1.75000e+02,9.95000e+01,7.68894e-22,1.58843e-34,4.91653e-36,5.94042e-14,2.61731e-14,1.02296e-27,1.61225e-03,1.27849e-17,0.00000e+00,0.00000e+00,0.00000e+00,0.00000e+00,3.40503e-02
<SURFACE-TEMPERATURE>280.786
<SURFACE-ALBEDO>0.25
<SURFACE-EMISSIVITY>1.0
<SURFACE-NSURF>0
<OBJECT>Exoplanet
<OBJECT-NAME>Exoplanet
<OBJECT-DIAMETER>12742.0
<OBJECT-GRAVITY>9.81
<OBJECT-GRAVITY-UNIT>g
<OBJECT-STAR-DISTANCE>0.02817
<OBJECT-STAR-VELOCITY>0.0
<OBJECT-STAR-TYPE>M
<OBJECT-STAR-TEMPERATURE>2566.0
<OBJECT-STAR-RADIUS>0.1192
<OBJECT-SOLAR-LONGITUDE>0.0
<OBJECT-SOLAR-LATITUDE>0.0
<OBJECT-STAR-METALLICITY>0.0
<OBJECT-OBS-LONGITUDE>180.0
<OBJECT-OBS-LATITUDE>0.0
<OBJECT-INCLINATION>90.00
<OBJECT-SEASON>180.0
<OBJECT-PERIOD>6.10
<GEOMETRY>Observatory
<GEOMETRY-OFFSET-UNIT>arcsec
<GEOMETRY-OBS-ALTITUDE>12.400
<GEOMETRY-ALTITUDE-UNIT>pc
<GEOMETRY-PLANET-FRACTION>1.0
<GEOMETRY-PHASE>180.0
<GEOMETRY-REF>User
<GENERATOR-INSTRUMENT>user
<GENERATOR-RANGE1>0.2
<GENERATOR-RANGE2>11
<GENERATOR-RANGEUNIT>um
<GENERATOR-RESOLUTION>500
<GENERATOR-RESOLUTIONUNIT>RP
<GENERATOR-TELESCOPE>SINGLE
<GENERATOR-TELESCOPE2>0.0
<GENERATOR-DIAMTELE>5.6
<GENERATOR-BEAM>1.0
<GENERATOR-BEAM-UNIT>diffrac
<GENERATOR-NOISE>CCD
<GENERATOR-NOISE1>16.8
<GENERATOR-NOISE2>0.005
<GENERATOR-NOISEOTEMP>50
<GENERATOR-NOISEOEFF>0.4
<GENERATOR-NOISEOEMIS>0.10
<GENERATOR-NOISETIME>0.2
<GENERATOR-NOISEFRAMES>16725.0
<GENERATOR-NOISEPIXELS>8
<GENERATOR-TRANS-APPLY>N
<GENERATOR-TRANS-SHOW>N
<GENERATOR-GAS-MODEL>Y
<GENERATOR-CONT-MODEL>Y
<GENERATOR-CONT-STELLAR>Y
<GENERATOR-RADUNITS>ppm
