<ATMOSPHERE-DESCRIPTION>MEAC Photochemistry
<ATMOSPHERE-STRUCTURE>Equilibrium
<ATMOSPHERE-PRESSURE>2.585
<ATMOSPHERE-PUNIT>bar
<ATMOSPHERE-WEIGHT>34.497
<ATMOSPHERE-NGAS>11
<ATMOSPHERE-GAS>N2,H2O,CH4,CO2,O2,O3,CO,H2CO,NO2,SO2,N2O
<ATMOSPHERE-TYPE>HIT[22],HIT[1],HIT[6],HIT[2],HIT[7],HIT[3],HIT[5],HIT[20],HIT[10],HIT[9],HIT[4]
<ATMOSPHERE-ABUN>1,1,1,1,1,1,1,1,1,1,1
<ATMOSPHERE-UNIT>scl,scl,scl,scl,scl,scl,scl,scl,scl,scl,scl
<ATMOSPHERE-LAYERS-MOLECULES>Altitude,H2O,CH4,C2H6,CO2,O2,O3,CO,H2CO,NO,NO2,SO2,N2O,N2
<ATMOSPHERE-LAYERS>54
<ATMOSPHERE-LAYER-1>2.58489e+00,2.80786e+02,5.00000e-01,3.53917e-03,7.97548e-06,2.35748e-19,3.18525e-01,3.45362e-01,2.31282e-09,2.96875e-01,4.97724e-15,0.00000e+00,0.00000e+00,0.00000e+00,0.00000e+00,3.53917e-02
<ATMOSPHERE-LAYER-2>2.14601e+00,2.66358e+02,1.50000e+00,3.20921e-04,8.00124e-06,2.36513e-19,3.19554e-01,3.46477e-01,3.77809e-09,2.97833e-01,1.68835e-14,0.00000e+00,0.00000e+00,0.00000e+00,0.00000e+00,3.55060e-02
<ATMOSPHERE-LAYER-3>1.76888e+00,2.51931e+02,2.50000e+00,1.03791e-04,8.00297e-06,2.36569e-19,3.19623e-01,3.46552e-01,5.45088e-09,2.97898e-01,3.34537e-14,0.00000e+00,0.00000e+00,0.00000e+00,0.00000e+00,3.55137e-02
<ATMOSPHERE-LAYER-4>1.44169e+00,2.37503e+02,3.50000e+00,2.88967e-05,8.00356e-06,2.36591e-19,3.19647e-01,3.46578e-01,7.38366e-09,2.97920e-01,5.42120e-14,0.00000e+00,0.00000e+00,0.00000e+00,0.00000e+00,3.55164e-02
<ATMOSPHERE-LAYER-5>1.16009e+00,2.23075e+02,4.50000e+00,6.72811e-06,8.00372e-06,2.36602e-19,3.19654e-01,3.46586e-01,9.63608e-09,2.97927e-01,7.90284e-14,0.00000e+00,0.00000e+00,0.00000e+00,0.00000e+00,3.55172e-02
<ATMOSPHERE-LAYER-6>9.20009e-01,2.08647e+02,5.50000e+00,1.26248e-06,8.00376e-06,2.36610e-19,3.19656e-01,3.46588e-01,1.22861e-08,2.97929e-01,1.08474e-13,0.00000e+00,0.00000e+00,0.00000e+00,0.00000e+00,3.55173e-02
<ATMOSPHERE-LAYER-7>7.18510e-01,1.96406e+02,6.50000e+00,2.58292e-07,8.00375e-06,2.36618e-19,3.19656e-01,3.46588e-01,1.54372e-08,2.97929e-01,1.43750e-13,0.00000e+00,0.00000e+00,0.00000e+00,0.00000e+00,3.55174e-02
<ATMOSPHERE-LAYER-8>5.53268e-01,1.86593e+02,7.50000e+00,6.49521e-08,8.00372e-06,2.36633e-19,3.19656e-01,3.46588e-01,2.13673e-08,2.97929e-01,2.10851e-13,0.00000e+00,0.00000e+00,0.00000e+00,0.00000e+00,3.55174e-02
<ATMOSPHERE-LAYER-9>4.20328e-01,1.78404e+02,8.50000e+00,1.89491e-08,8.00361e-06,2.36693e-19,3.19656e-01,3.46588e-01,4.53988e-08,2.97929e-01,4.87261e-13,0.00000e+00,0.00000e+00,0.00000e+00,0.00000e+00,3.55174e-02
<ATMOSPHERE-LAYER-10>3.16520e-01,1.75000e+02,9.50000e+00,1.29097e-08,8.00322e-06,2.36897e-19,3.19656e-01,3.46588e-01,1.27995e-07,2.97929e-01,1.47193e-12,0.00000e+00,0.00000e+00,0.00000e+00,0.00000e+00,3.55174e-02
<ATMOSPHERE-LAYER-11>2.37891e-01,1.75000e+02,1.05000e+01,1.44925e-08,8.00243e-06,2.37308e-19,3.19655e-01,3.46588e-01,2.96656e-07,2.97930e-01,3.65974e-12,0.00000e+00,0.00000e+00,0.00000e+00,0.00000e+00,3.55174e-02
<ATMOSPHERE-LAYER-12>1.78795e-01,1.75000e+02,1.15000e+01,1.71116e-08,8.00113e-06,2.37988e-19,3.19654e-01,3.46588e-01,5.86889e-07,2.97931e-01,7.98806e-12,0.00000e+00,0.00000e+00,0.00000e+00,0.00000e+00,3.55174e-02
<ATMOSPHERE-LAYER-13>1.34379e-01,1.75000e+02,1.25000e+01,2.06700e-08,7.99937e-06,2.38913e-19,3.19653e-01,3.46588e-01,1.01050e-06,2.97932e-01,1.55910e-11,0.00000e+00,0.00000e+00,0.00000e+00,0.00000e+00,3.55174e-02
<ATMOSPHERE-LAYER-14>1.00997e-01,1.75000e+02,1.35000e+01,2.51096e-08,7.99717e-06,2.40066e-19,3.19651e-01,3.46588e-01,1.59041e-06,2.97933e-01,2.85015e-11,0.00000e+00,0.00000e+00,0.00000e+00,0.00000e+00,3.55173e-02
<ATMOSPHERE-LAYER-15>7.59077e-02,1.75000e+02,1.45000e+01,3.01286e-08,7.99469e-06,2.41370e-19,3.19649e-01,3.46587e-01,2.31774e-06,2.97935e-01,4.88539e-11,0.00000e+00,0.00000e+00,0.00000e+00,0.00000e+00,3.55173e-02
<ATMOSPHERE-LAYER-16>5.70509e-02,1.75000e+02,1.55000e+01,3.57170e-08,7.99193e-06,2.42824e-19,3.19647e-01,3.46587e-01,3.22182e-06,2.97937e-01,8.04066e-11,0.00000e+00,0.00000e+00,0.00000e+00,0.00000e+00,3.55173e-02
<ATMOSPHERE-LAYER-17>4.28785e-02,1.75000e+02,1.65000e+01,4.18593e-08,7.98889e-06,2.44422e-19,3.19644e-01,3.46586e-01,4.33229e-06,2.97939e-01,1.28034e-10,0.00000e+00,0.00000e+00,0.00000e+00,0.00000e+00,3.55173e-02
<ATMOSPHERE-LAYER-18>3.22267e-02,1.75000e+02,1.75000e+01,4.86609e-08,7.98554e-06,2.46193e-19,3.19640e-01,3.46585e-01,5.69972e-06,2.97942e-01,1.99040e-10,0.00000e+00,0.00000e+00,0.00000e+00,0.00000e+00,3.55173e-02
<ATMOSPHERE-LAYER-19>2.42211e-02,1.75000e+02,1.85000e+01,5.63365e-08,7.98177e-06,2.48194e-19,3.19636e-01,3.46584e-01,7.40132e-06,2.97946e-01,3.04667e-10,0.00000e+00,0.00000e+00,0.00000e+00,0.00000e+00,3.55172e-02
<ATMOSPHERE-LAYER-20>1.82042e-02,1.75000e+02,1.95000e+01,6.49169e-08,7.97755e-06,2.50433e-19,3.19632e-01,3.46583e-01,9.47227e-06,2.97950e-01,4.57278e-10,0.00000e+00,0.00000e+00,0.00000e+00,0.00000e+00,3.55172e-02
<ATMOSPHERE-LAYER-21>1.36819e-02,1.75000e+02,2.05000e+01,7.49635e-08,7.97263e-06,2.53057e-19,3.19626e-01,3.46581e-01,1.20779e-05,2.97955e-01,6.83776e-10,0.00000e+00,0.00000e+00,0.00000e+00,0.00000e+00,3.55171e-02
<ATMOSPHERE-LAYER-22>1.02831e-02,1.75000e+02,2.15000e+01,8.64073e-08,7.96703e-06,2.56051e-19,3.19619e-01,3.46579e-01,1.52342e-05,2.97961e-01,1.00576e-09,0.00000e+00,0.00000e+00,0.00000e+00,0.00000e+00,3.55171e-02
<ATMOSPHERE-LAYER-23>7.72863e-03,1.75000e+02,2.25000e+01,9.97881e-08,7.96051e-06,2.59557e-19,3.19610e-01,3.46576e-01,1.91103e-05,2.97968e-01,1.46836e-09,0.00000e+00,0.00000e+00,0.00000e+00,0.00000e+00,3.55170e-02
<ATMOSPHERE-LAYER-24>5.80872e-03,1.75000e+02,2.35000e+01,1.15263e-07,7.95297e-06,2.63619e-19,3.19600e-01,3.46573e-01,2.37458e-05,2.97977e-01,2.11679e-09,0.00000e+00,0.00000e+00,0.00000e+00,0.00000e+00,3.55169e-02
<ATMOSPHERE-LAYER-25>4.36574e-03,1.75000e+02,2.45000e+01,1.33040e-07,7.94434e-06,2.68296e-19,3.19588e-01,3.46570e-01,2.91176e-05,2.97988e-01,3.00761e-09,0.00000e+00,0.00000e+00,0.00000e+00,0.00000e+00,3.55168e-02
<ATMOSPHERE-LAYER-26>3.28123e-03,1.75000e+02,2.55000e+01,1.52970e-07,7.93469e-06,2.73556e-19,3.19573e-01,3.46566e-01,3.49091e-05,2.98000e-01,4.18585e-09,0.00000e+00,0.00000e+00,0.00000e+00,0.00000e+00,3.55167e-02
<ATMOSPHERE-LAYER-27>2.46613e-03,1.75000e+02,2.65000e+01,1.75691e-07,7.92372e-06,2.79577e-19,3.19555e-01,3.46564e-01,4.06806e-05,2.98015e-01,5.74781e-09,0.00000e+00,0.00000e+00,0.00000e+00,0.00000e+00,3.55165e-02
<ATMOSPHERE-LAYER-28>1.85351e-03,1.75000e+02,2.75000e+01,2.01258e-07,7.91143e-06,2.86389e-19,3.19533e-01,3.46564e-01,4.53067e-05,2.98032e-01,7.76115e-09,0.00000e+00,0.00000e+00,0.00000e+00,0.00000e+00,3.55163e-02
<ATMOSPHERE-LAYER-29>1.39308e-03,1.75000e+02,2.85000e+01,2.30552e-07,7.89746e-06,2.94257e-19,3.19507e-01,3.46569e-01,4.72051e-05,2.98052e-01,1.03334e-08,0.00000e+00,0.00000e+00,0.00000e+00,0.00000e+00,3.55159e-02
<ATMOSPHERE-LAYER-30>1.04703e-03,1.75000e+02,2.95000e+01,2.63420e-07,7.88220e-06,3.03217e-19,3.19475e-01,3.46581e-01,4.43467e-05,2.98075e-01,1.32918e-08,0.00000e+00,0.00000e+00,0.00000e+00,0.00000e+00,3.55154e-02
<ATMOSPHERE-LAYER-31>7.86946e-04,1.75000e+02,3.05000e+01,2.99941e-07,7.86663e-06,3.13399e-19,3.19434e-01,3.46603e-01,3.57379e-05,2.98103e-01,1.59374e-08,0.00000e+00,0.00000e+00,0.00000e+00,0.00000e+00,3.55146e-02
<ATMOSPHERE-LAYER-32>5.91472e-04,1.75000e+02,3.15000e+01,3.40780e-07,7.85213e-06,3.24412e-19,3.19378e-01,3.46635e-01,2.36842e-05,2.98141e-01,1.72301e-08,0.00000e+00,0.00000e+00,0.00000e+00,0.00000e+00,3.55136e-02
<ATMOSPHERE-LAYER-33>4.44557e-04,1.75000e+02,3.25000e+01,3.84561e-07,7.83977e-06,3.33970e-19,3.19296e-01,3.46671e-01,1.36981e-05,2.98199e-01,1.69023e-08,0.00000e+00,0.00000e+00,0.00000e+00,0.00000e+00,3.55122e-02
<ATMOSPHERE-LAYER-34>3.34139e-04,1.75000e+02,3.35000e+01,4.31327e-07,7.82871e-06,3.41263e-19,3.19181e-01,3.46710e-01,7.80276e-06,2.98282e-01,1.56591e-08,0.00000e+00,0.00000e+00,0.00000e+00,0.00000e+00,3.55103e-02
<ATMOSPHERE-LAYER-35>2.51150e-04,1.75000e+02,3.45000e+01,4.81286e-07,7.81789e-06,3.46881e-19,3.19029e-01,3.46757e-01,4.80821e-06,2.98392e-01,1.41595e-08,0.00000e+00,0.00000e+00,0.00000e+00,0.00000e+00,3.55080e-02
<ATMOSPHERE-LAYER-36>1.88778e-04,1.75000e+02,3.55000e+01,5.42855e-07,7.80480e-06,3.52093e-19,3.18807e-01,3.46822e-01,3.17406e-06,2.98555e-01,1.25140e-08,0.00000e+00,0.00000e+00,0.00000e+00,0.00000e+00,3.55045e-02
<ATMOSPHERE-LAYER-37>1.41901e-04,1.75000e+02,3.65000e+01,6.18753e-07,7.78827e-06,3.57134e-19,3.18492e-01,3.46912e-01,2.22428e-06,2.98786e-01,1.08704e-08,0.00000e+00,0.00000e+00,0.00000e+00,0.00000e+00,3.54997e-02
<ATMOSPHERE-LAYER-38>1.06671e-04,1.75000e+02,3.75000e+01,7.12020e-07,7.76688e-06,3.62128e-19,3.18049e-01,3.47038e-01,1.61797e-06,2.99111e-01,9.30141e-09,0.00000e+00,0.00000e+00,0.00000e+00,0.00000e+00,3.54929e-02
<ATMOSPHERE-LAYER-39>8.01934e-05,1.75000e+02,3.85000e+01,8.25915e-07,7.73886e-06,3.67142e-19,3.17435e-01,3.47211e-01,1.20796e-06,2.99561e-01,7.84012e-09,0.00000e+00,0.00000e+00,0.00000e+00,0.00000e+00,3.54835e-02
<ATMOSPHERE-LAYER-40>6.02939e-05,1.75000e+02,3.95000e+01,9.63719e-07,7.70189e-06,3.72197e-19,3.16591e-01,3.47449e-01,9.24798e-07,3.00180e-01,6.49764e-09,0.00000e+00,0.00000e+00,0.00000e+00,0.00000e+00,3.54706e-02
<ATMOSPHERE-LAYER-41>4.53384e-05,1.75000e+02,4.05000e+01,1.12846e-06,7.65292e-06,3.77252e-19,3.15437e-01,3.47775e-01,7.31043e-07,3.01027e-01,5.27305e-09,0.00000e+00,0.00000e+00,0.00000e+00,0.00000e+00,3.54529e-02
<ATMOSPHERE-LAYER-42>3.40987e-05,1.75000e+02,4.15000e+01,1.32288e-06,7.58794e-06,3.82155e-19,3.13867e-01,3.48218e-01,6.08364e-07,3.02179e-01,4.15976e-09,0.00000e+00,0.00000e+00,0.00000e+00,0.00000e+00,3.54289e-02
<ATMOSPHERE-LAYER-43>2.56516e-05,1.75000e+02,4.25000e+01,1.55038e-06,7.50169e-06,3.86502e-19,3.11740e-01,3.48817e-01,5.53429e-07,3.03740e-01,3.15175e-09,0.00000e+00,0.00000e+00,0.00000e+00,0.00000e+00,3.53963e-02
<ATMOSPHERE-LAYER-44>1.93032e-05,1.75000e+02,4.35000e+01,1.81834e-06,7.38719e-06,3.89278e-19,3.08866e-01,3.49627e-01,5.69988e-07,3.05849e-01,2.25315e-09,0.00000e+00,0.00000e+00,0.00000e+00,0.00000e+00,3.53523e-02
<ATMOSPHERE-LAYER-45>1.45323e-05,1.75000e+02,4.45000e+01,2.14320e-06,7.23528e-06,3.88108e-19,3.04997e-01,3.50717e-01,6.25709e-07,3.08689e-01,1.49255e-09,0.00000e+00,0.00000e+00,0.00000e+00,0.00000e+00,3.52931e-02
<ATMOSPHERE-LAYER-46>1.09469e-05,1.75000e+02,4.55000e+01,2.55139e-06,7.03393e-06,3.79507e-19,2.99804e-01,3.52179e-01,5.43447e-07,3.12500e-01,9.20575e-10,0.00000e+00,0.00000e+00,0.00000e+00,0.00000e+00,3.52136e-02
<ATMOSPHERE-LAYER-47>8.25242e-06,1.75000e+02,4.65000e+01,3.06914e-06,6.76737e-06,3.63362e-19,2.92853e-01,3.54138e-01,2.23760e-07,3.17601e-01,5.44975e-10,0.00000e+00,0.00000e+00,0.00000e+00,0.00000e+00,3.51072e-02
<ATMOSPHERE-LAYER-48>6.22759e-06,1.75000e+02,4.75000e+01,3.66372e-06,6.41498e-06,3.41109e-19,2.83569e-01,3.56754e-01,6.13396e-08,3.24415e-01,2.75661e-10,0.00000e+00,0.00000e+00,0.00000e+00,0.00000e+00,3.49651e-02
<ATMOSPHERE-LAYER-49>4.70629e-06,1.75000e+02,4.85000e+01,3.82892e-06,5.94986e-06,3.11686e-19,2.71108e-01,3.60239e-01,1.73408e-07,3.33550e-01,5.26368e-11,0.00000e+00,0.00000e+00,0.00000e+00,0.00000e+00,3.47738e-02
<ATMOSPHERE-LAYER-50>3.56474e-06,1.75000e+02,4.95000e+01,3.47510e-06,5.33614e-06,2.73077e-19,2.54015e-01,3.64706e-01,7.47623e-07,3.45965e-01,4.17729e-12,0.00000e+00,0.00000e+00,0.00000e+00,0.00000e+00,3.45048e-02
<ATMOSPHERE-LAYER-51>2.71127e-06,1.75000e+02,5.05000e+01,2.88576e-06,4.52685e-06,2.23144e-19,2.30195e-01,3.69372e-01,2.02972e-06,3.62689e-01,1.60366e-12,0.00000e+00,0.00000e+00,0.00000e+00,0.00000e+00,3.40966e-02
<ATMOSPHERE-LAYER-52>2.07971e-06,1.75000e+02,5.15000e+01,2.13020e-06,3.46329e-06,1.60695e-19,1.97426e-01,3.69859e-01,4.47679e-06,3.83497e-01,1.25803e-12,0.00000e+00,0.00000e+00,0.00000e+00,0.00000e+00,3.34087e-02
<ATMOSPHERE-LAYER-53>1.62597e-06,1.75000e+02,5.25000e+01,1.24354e-06,2.08727e-06,8.74849e-20,1.53185e-01,3.53458e-01,7.96172e-06,4.05266e-01,2.67237e-12,0.00000e+00,0.00000e+00,0.00000e+00,0.00000e+00,3.21163e-02
<ATMOSPHERE-LAYER-54>1.32977e-06,1.75000e+02,5.35000e+01,2.93676e-07,4.07997e-07,9.69326e-21,9.56759e-02,2.88905e-01,1.10152e-05,4.17539e-01,1.99617e-10,0.00000e+00,0.00000e+00,0.00000e+00,0.00000e+00,2.95147e-02
<SURFACE-TEMPERATURE>280.786
<SURFACE-ALBEDO>0.25
<SURFACE-EMISSIVITY>1.0
<SURFACE-NSURF>0
<OBJECT>Exoplanet
<OBJECT-NAME>Exoplanet
<OBJECT-DIAMETER>12742.0
<OBJECT-GRAVITY>9.81
<OBJECT-GRAVITY-UNIT>g
<OBJECT-STAR-DISTANCE>0.02817
<OBJECT-STAR-VELOCITY>0.0
<OBJECT-STAR-TYPE>M
<OBJECT-STAR-TEMPERATURE>2566.0
<OBJECT-STAR-RADIUS>0.1192
<OBJECT-SOLAR-LONGITUDE>0.0
<OBJECT-SOLAR-LATITUDE>0.0
<OBJECT-STAR-METALLICITY>0.0
<OBJECT-OBS-LONGITUDE>180.0
<OBJECT-OBS-LATITUDE>0.0
<OBJECT-INCLINATION>90.00
<OBJECT-SEASON>180.0
<OBJECT-PERIOD>6.10
<GEOMETRY>Observatory
<GEOMETRY-OFFSET-UNIT>arcsec
<GEOMETRY-OBS-ALTITUDE>12.400
<GEOMETRY-ALTITUDE-UNIT>pc
<GEOMETRY-PLANET-FRACTION>1.0
<GEOMETRY-PHASE>180.0
<GEOMETRY-REF>User
<GENERATOR-INSTRUMENT>user
<GENERATOR-RANGE1>0.2
<GENERATOR-RANGE2>11
<GENERATOR-RANGEUNIT>um
<GENERATOR-RESOLUTION>500
<GENERATOR-RESOLUTIONUNIT>RP
<GENERATOR-TELESCOPE>SINGLE
<GENERATOR-TELESCOPE2>0.0
<GENERATOR-DIAMTELE>5.6
<GENERATOR-BEAM>1.0
<GENERATOR-BEAM-UNIT>diffrac
<GENERATOR-NOISE>CCD
<GENERATOR-NOISE1>16.8
<GENERATOR-NOISE2>0.005
<GENERATOR-NOISEOTEMP>50
<GENERATOR-NOISEOEFF>0.4
<GENERATOR-NOISEOEMIS>0.10
<GENERATOR-NOISETIME>0.2
<GENERATOR-NOISEFRAMES>16725.0
<GENERATOR-NOISEPIXELS>8
<GENERATOR-TRANS-APPLY>N
<GENERATOR-TRANS-SHOW>N
<GENERATOR-GAS-MODEL>Y
<GENERATOR-CONT-MODEL>Y
<GENERATOR-CONT-STELLAR>Y
<GENERATOR-RADUNITS>ppm
