Std No.	Outgassing	ChemProd	ChemLoss	DryDepo		WetDepo		Escape		Condensation	Net Flux	Global Change
3	0.000000e+00	3.323644e+12	-3.322606e+12	-1.594531e+04	-1.518437e-04	-1.037645e+09	0.000000e+00	8.026481e-03	2.068091e-18
53	3.000000e+10	4.812148e+09	-1.677933e+10	-0.000000e+00	0.000000e+00	-1.803282e+10	0.000000e+00	4.139488e+00	2.935132e-22
1	0.000000e+00	6.622011e+12	-6.622011e+12	-1.106916e+03	-9.537752e-03	-0.000000e+00	0.000000e+00	3.655691e+00	4.103403e-18
56	0.000000e+00	2.604497e+12	-2.604497e+12	-0.000000e+00	-5.784624e-20	-0.000000e+00	0.000000e+00	1.764648e+00	1.019517e-08
54	0.000000e+00	6.159875e+12	-6.159875e+12	-0.000000e+00	0.000000e+00	-0.000000e+00	0.000000e+00	-9.931641e-01	-8.081677e-20
2	0.000000e+00	3.167596e+12	-3.167596e+12	-9.434716e+01	-1.752256e+01	-0.000000e+00	0.000000e+00	-1.958911e-01	-1.309010e-17
4	0.000000e+00	3.283379e+12	-3.283379e+12	-1.272530e+02	-1.871620e-01	-0.000000e+00	0.000000e+00	-1.929166e-02	-2.425215e-14
5	0.000000e+00	2.733630e+12	-2.733556e+12	-2.648392e+07	-4.744184e+07	-0.000000e+00	0.000000e+00	-2.764612e-04	-1.175448e-18
7	1.000000e-02	1.356577e+10	-2.028673e+10	-0.000000e+00	0.000000e+00	-0.000000e+00	-3.696008e+26	-3.696008e+26	-1.225327e+04
6	0.000000e+00	9.798406e+10	-8.972973e+10	-1.368894e+09	-6.885428e+09	-0.000000e+00	0.000000e+00	1.035786e-02	2.141412e-19
52	3.000000e-02	3.669425e+12	-3.679660e+12	-0.000000e+00	-1.812176e+12	-0.000000e+00	0.000000e+00	-1.822411e+12	-2.818533e-12
20	0.000000e+00	3.960078e+12	-3.960023e+12	-5.476459e+07	0.000000e+00	-0.000000e+00	0.000000e+00	3.106014e+00	6.307841e-22
22	0.000000e+00	1.140427e+10	-9.294360e+08	-5.721745e+08	-9.902659e+09	-0.000000e+00	0.000000e+00	1.525879e-04	5.716899e-20
61	0.000000e+00	5.223642e+11	-5.223587e+11	-5.503713e+06	-1.992224e-05	-0.000000e+00	0.000000e+00	-2.455025e-04	-2.651535e-17
19	0.000000e+00	2.314319e+10	-2.314319e+10	-0.000000e+00	-3.393932e-19	-0.000000e+00	0.000000e+00	3.719330e-03	4.890607e-20
58	0.000000e+00	2.200100e+07	-2.200100e+07	-0.000000e+00	-1.331530e-21	-0.000000e+00	0.000000e+00	4.498549e-04	1.563321e-10
59	0.000000e+00	1.723564e+08	-1.723564e+08	-0.000000e+00	-9.049060e-22	-0.000000e+00	0.000000e+00	2.980232e-08	8.768995e-15
80	0.000000e+00	1.183564e+08	-1.183564e+08	-0.000000e+00	-2.775566e-22	-0.000000e+00	0.000000e+00	3.973931e-03	7.022712e-10
60	0.000000e+00	3.036970e+08	-3.036970e+08	-0.000000e+00	-1.227489e-09	-0.000000e+00	0.000000e+00	3.073930e-03	2.437730e-12
21	3.000000e+08	6.755575e+06	-3.067556e+08	-0.000000e+00	0.000000e+00	-0.000000e+00	0.000000e+00	-2.208525e-02	-2.997964e-22
62	0.000000e+00	7.098454e+06	-7.098444e+06	-9.856866e+00	-3.577516e-11	-0.000000e+00	0.000000e+00	1.519484e-08	8.951585e-16
24	0.000000e+00	1.134491e+05	-2.069763e+04	-7.011865e+04	-2.263279e+04	-0.000000e+00	0.000000e+00	-1.213630e-08	-2.404308e-20
63	0.000000e+00	1.722200e+01	-1.712648e+01	-6.327474e-03	-8.919154e-02	-0.000000e+00	0.000000e+00	-3.557016e-12	-3.869394e-16
23	0.000000e+00	7.234714e+02	-1.139629e+02	-2.535669e+01	-5.841518e+02	-0.000000e+00	0.000000e+00	2.410161e-11	3.794220e-20
71	0.000000e+00	6.197962e+07	-6.197962e+07	-0.000000e+00	-9.410641e-06	-0.000000e+00	0.000000e+00	-3.035976e-08	-2.449202e-11
25	0.000000e+00	3.521511e+00	-3.412732e+00	-7.027330e-02	-3.850509e-02	-0.000000e+00	0.000000e+00	3.139086e-13	9.208460e-20
26	0.000000e+00	4.622812e-36	-4.622812e-36	-0.000000e+00	-1.989693e-57	-0.000000e+00	0.000000e+00	-6.681932e-52	-3.417617e-19
64	0.000000e+00	1.346359e+01	-1.346359e+01	-0.000000e+00	-1.317779e-25	-0.000000e+00	0.000000e+00	6.748735e-11	7.858622e-12
27	0.000000e+00	5.058618e+03	-5.058618e+03	-0.000000e+00	0.000000e+00	-0.000000e+00	0.000000e+00	1.800536e-07	1.148662e-14
28	0.000000e+00	1.753080e+01	-1.753080e+01	-0.000000e+00	-4.080553e-17	-0.000000e+00	0.000000e+00	7.389640e-11	3.389889e-13
29	0.000000e+00	1.953505e+05	-1.953505e+05	-0.000000e+00	0.000000e+00	-0.000000e+00	0.000000e+00	2.984889e-07	3.883096e-17
30	0.000000e+00	9.169784e+05	-9.169784e+05	-0.000000e+00	-1.106783e-11	-0.000000e+00	0.000000e+00	-2.438985e-10	-1.864293e-18
31	0.000000e+00	1.012853e+06	-9.308448e+05	-8.200816e+04	0.000000e+00	-0.000000e+00	0.000000e+00	-1.766806e-06	-2.432676e-22
32	0.000000e+00	6.483807e+04	-6.483807e+04	-0.000000e+00	-1.997188e-19	-0.000000e+00	0.000000e+00	2.910383e-11	1.081161e-19
33	0.000000e+00	5.318660e+04	-5.252296e+04	-2.479264e+01	-6.388530e+02	-0.000000e+00	0.000000e+00	-1.352873e-11	-3.927733e-22
34	0.000000e+00	3.135996e+07	-3.135995e+07	-1.522389e+01	-7.207270e-11	-0.000000e+00	0.000000e+00	1.221524e-08	3.162903e-17
35	0.000000e+00	1.500540e+06	-1.495858e+06	-4.523045e+03	-1.589312e+02	-0.000000e+00	0.000000e+00	9.967067e-09	6.533889e-20
36	0.000000e+00	4.394480e+05	-4.394480e+05	-1.606657e-03	-3.657186e-13	-0.000000e+00	0.000000e+00	3.027369e-10	9.994538e-19
40	0.000000e+00	0.000000e+00	0.000000e+00	-0.000000e+00	0.000000e+00	-0.000000e+00	0.000000e+00	0.000000e+00	nan
41	0.000000e+00	0.000000e+00	0.000000e+00	-0.000000e+00	0.000000e+00	-0.000000e+00	0.000000e+00	0.000000e+00	nan
76	0.000000e+00	0.000000e+00	0.000000e+00	-0.000000e+00	0.000000e+00	-0.000000e+00	0.000000e+00	0.000000e+00	nan
77	0.000000e+00	0.000000e+00	0.000000e+00	-0.000000e+00	0.000000e+00	-0.000000e+00	0.000000e+00	0.000000e+00	nan
42	0.000000e+00	0.000000e+00	0.000000e+00	-0.000000e+00	0.000000e+00	-0.000000e+00	0.000000e+00	0.000000e+00	nan
43	0.000000e+00	0.000000e+00	0.000000e+00	-0.000000e+00	0.000000e+00	-0.000000e+00	0.000000e+00	0.000000e+00	nan
74	0.000000e+00	0.000000e+00	0.000000e+00	-0.000000e+00	0.000000e+00	-0.000000e+00	0.000000e+00	0.000000e+00	nan
75	0.000000e+00	0.000000e+00	0.000000e+00	-0.000000e+00	0.000000e+00	-0.000000e+00	0.000000e+00	0.000000e+00	nan
44	0.000000e+00	0.000000e+00	0.000000e+00	-0.000000e+00	0.000000e+00	-0.000000e+00	0.000000e+00	0.000000e+00	nan
45	0.000000e+00	0.000000e+00	0.000000e+00	-0.000000e+00	0.000000e+00	-0.000000e+00	0.000000e+00	0.000000e+00	nan
46	0.000000e+00	0.000000e+00	0.000000e+00	-0.000000e+00	0.000000e+00	-0.000000e+00	0.000000e+00	0.000000e+00	nan
47	0.000000e+00	0.000000e+00	0.000000e+00	-0.000000e+00	0.000000e+00	-0.000000e+00	0.000000e+00	0.000000e+00	nan
48	0.000000e+00	0.000000e+00	0.000000e+00	-0.000000e+00	0.000000e+00	-0.000000e+00	0.000000e+00	0.000000e+00	nan
68	0.000000e+00	0.000000e+00	0.000000e+00	-0.000000e+00	0.000000e+00	-0.000000e+00	0.000000e+00	0.000000e+00	nan
73	0.000000e+00	0.000000e+00	0.000000e+00	-0.000000e+00	0.000000e+00	-0.000000e+00	0.000000e+00	0.000000e+00	nan
78	0.000000e+00	0.000000e+00	0.000000e+00	-0.000000e+00	0.000000e+00	-0.000000e+00	0.000000e+00	0.000000e+00	nan
79	0.000000e+00	0.000000e+00	0.000000e+00	-0.000000e+00	0.000000e+00	-0.000000e+00	0.000000e+00	0.000000e+00	nan
111	0.000000e+00	0.000000e+00	0.000000e+00	-0.000000e+00	0.000000e+00	-0.000000e+00	0.000000e+00	0.000000e+00	nan
