Std No.	Outgassing	ChemProd	ChemLoss	DryDepo		WetDepo		Escape		Condensation	Net Flux	Global Change
3	0.000000e+00	5.697444e+12	-5.689424e+12	-7.869066e-07	-5.265038e-08	-8.019682e+09	0.000000e+00	5.710001e-01	6.057078e-16
53	3.000000e+10	2.050093e+09	-1.190009e+10	-0.000000e+00	0.000000e+00	-2.015000e+10	0.000000e+00	-2.337944e+00	-1.908221e-22
1	0.000000e+00	6.374361e+13	-6.374361e+13	-3.916582e-01	-9.755478e-03	-0.000000e+00	0.000000e+00	3.418850e+04	2.306980e-14
56	0.000000e+00	1.853100e+13	-1.853100e+13	-0.000000e+00	-1.243021e-18	-0.000000e+00	0.000000e+00	1.183073e+05	2.869686e-05
54	0.000000e+00	6.618815e+13	-6.618815e+13	-0.000000e+00	0.000000e+00	-0.000000e+00	0.000000e+00	1.417682e+05	9.976855e-21
2	0.000000e+00	5.111123e+13	-5.104995e+13	-6.128075e+10	-1.362400e+05	-0.000000e+00	0.000000e+00	-1.410991e+05	-1.182414e-14
4	0.000000e+00	5.711789e+12	-5.711789e+12	-1.891078e-05	-2.318264e-06	-0.000000e+00	0.000000e+00	9.219521e+02	1.029672e-08
5	0.000000e+00	1.918547e+12	-1.918547e+12	-2.503401e+05	-5.939151e+05	-0.000000e+00	0.000000e+00	-5.112020e+00	-2.106014e-14
7	1.000000e-02	7.496990e+08	-1.441625e+08	-0.000000e+00	0.000000e+00	-0.000000e+00	-3.688523e+26	-3.688523e+26	-1.410186e+04
6	0.000000e+00	1.055827e+11	-9.977974e+10	-1.199930e+09	-4.603022e+09	-0.000000e+00	0.000000e+00	-4.581888e+02	-6.262546e-16
52	9.000000e-01	1.431189e+13	-1.450837e+13	-0.000000e+00	-4.771552e+13	-0.000000e+00	0.000000e+00	-4.791200e+13	-3.683015e-12
20	1.000000e+08	3.207805e+12	-3.011028e+12	-1.968768e+11	0.000000e+00	-0.000000e+00	0.000000e+00	-6.210730e+02	-5.150235e-23
22	0.000000e+00	2.742762e+08	-2.735790e+08	-3.320871e+04	-6.639010e+05	-0.000000e+00	0.000000e+00	-2.761542e-01	-3.077291e-16
61	0.000000e+00	1.410226e+09	-1.410226e+09	-1.092113e-10	-5.773054e-21	-0.000000e+00	0.000000e+00	1.633265e-01	2.176476e-07
19	0.000000e+00	6.745378e+11	-6.745378e+11	-0.000000e+00	-9.941299e-20	-0.000000e+00	0.000000e+00	-1.586914e-03	-2.253176e-12
58	0.000000e+00	3.701088e+06	-3.701088e+06	-0.000000e+00	-8.675173e-25	-0.000000e+00	0.000000e+00	-1.495803e-03	-2.469396e-07
59	0.000000e+00	3.773884e+06	-3.773884e+06	-0.000000e+00	-2.911021e-25	-0.000000e+00	0.000000e+00	-9.313226e-10	-4.582094e-13
80	0.000000e+00	3.142950e+07	-3.142950e+07	-0.000000e+00	-4.183928e-21	-0.000000e+00	0.000000e+00	-1.321097e-02	-4.474852e-10
60	0.000000e+00	2.333668e+08	-2.333668e+08	-0.000000e+00	-4.816365e-20	-0.000000e+00	0.000000e+00	-1.021984e-02	-6.477912e-09
21	3.000000e+08	1.124062e+04	-3.000112e+08	-0.000000e+00	0.000000e+00	-0.000000e+00	0.000000e+00	2.005594e-01	6.149341e-22
62	0.000000e+00	4.830317e+07	-4.830317e+07	-1.464422e-12	-4.917081e-23	-0.000000e+00	0.000000e+00	6.705376e-08	1.869450e-11
24	0.000000e+00	1.761292e+03	-1.761277e+03	-1.166324e-02	-3.785089e-03	-0.000000e+00	0.000000e+00	6.052972e-09	4.127675e-16
63	0.000000e+00	2.631696e+10	-2.631696e+10	-1.922914e-07	-5.689532e-06	-0.000000e+00	0.000000e+00	-1.928020e-04	-6.999092e-10
23	0.000000e+00	1.051483e+01	-5.700283e-02	-6.313255e-01	-9.826504e+00	-0.000000e+00	0.000000e+00	-2.929106e-10	-2.858091e-17
71	0.000000e+00	1.695573e+08	-1.695573e+08	-0.000000e+00	-1.073626e-07	-0.000000e+00	0.000000e+00	5.435869e-06	1.602960e-09
25	0.000000e+00	1.530857e+01	-1.308816e+01	-1.532496e+00	-6.879191e-01	-0.000000e+00	0.000000e+00	-5.437542e-08	-1.431694e-16
26	0.000000e+00	1.265580e-46	-4.000992e-15	-0.000000e+00	-6.228200e-42	-0.000000e+00	0.000000e+00	-4.000992e-15	-7.950411e+02
64	0.000000e+00	2.479407e-08	-2.479404e-08	-0.000000e+00	-5.441107e-35	-0.000000e+00	0.000000e+00	2.270951e-14	1.424577e-05
27	0.000000e+00	4.657868e-05	-4.657868e-05	-0.000000e+00	0.000000e+00	-0.000000e+00	0.000000e+00	9.488077e-15	1.580098e-14
28	0.000000e+00	6.932700e-05	-6.932700e-05	-0.000000e+00	-4.447635e-32	-0.000000e+00	0.000000e+00	-5.055228e-16	-2.349008e-08
29	0.000000e+00	2.357575e+00	-2.357575e+00	-0.000000e+00	0.000000e+00	-0.000000e+00	0.000000e+00	2.042322e-11	2.839710e-11
30	0.000000e+00	4.168924e-05	-4.168924e-05	-0.000000e+00	-2.426551e-25	-0.000000e+00	0.000000e+00	-3.284455e-17	-4.199563e-14
31	0.000000e+00	2.006602e-04	-4.359597e-05	-1.570642e-04	0.000000e+00	-0.000000e+00	0.000000e+00	-1.157657e-16	-1.200786e-23
32	0.000000e+00	7.079423e+01	-7.079423e+01	-0.000000e+00	-1.593520e-20	-0.000000e+00	0.000000e+00	1.520001e-07	7.997682e-15
33	0.000000e+00	1.136520e+01	-1.087620e+01	-2.487632e-02	-4.641197e-01	-0.000000e+00	0.000000e+00	2.042810e-14	2.869097e-22
34	0.000000e+00	3.207274e+01	-3.207274e+01	-1.206733e-08	-6.042506e-20	-0.000000e+00	0.000000e+00	7.207800e-09	1.064150e-11
35	0.000000e+00	4.286770e-05	-4.121433e-05	-1.607350e-06	-4.611644e-08	-0.000000e+00	0.000000e+00	-9.871552e-11	-4.042890e-13
36	0.000000e+00	3.040638e-05	-3.040651e-05	-2.332548e-21	-1.048588e-31	-0.000000e+00	0.000000e+00	-1.387436e-10	-1.074337e-05
40	0.000000e+00	2.437739e+06	-2.437739e+06	-0.000000e+00	-3.980562e-23	-0.000000e+00	0.000000e+00	1.300611e-03	2.896468e-07
41	0.000000e+00	2.573904e-12	-2.573904e-12	-0.000000e+00	-1.466023e-35	-0.000000e+00	0.000000e+00	-4.575702e-22	-1.217878e-12
76	0.000000e+00	1.436303e-27	-1.436303e-27	-0.000000e+00	-2.915683e-50	-0.000000e+00	0.000000e+00	-1.335650e-37	-8.424931e-14
77	0.000000e+00	4.227052e-38	-4.227052e-38	-0.000000e+00	-1.084912e-59	-0.000000e+00	0.000000e+00	-4.493716e-48	-4.409132e-14
42	0.000000e+00	1.019556e+08	-1.019556e+08	-0.000000e+00	-1.234636e-15	-0.000000e+00	0.000000e+00	6.579851e-01	1.494598e-11
43	3.000000e+09	3.089265e+08	-3.046239e+08	-2.691797e+09	-3.125053e+08	-0.000000e+00	0.000000e+00	-1.664420e+00	-8.430185e-16
74	0.000000e+00	2.033200e+08	-2.033200e+08	-0.000000e+00	-8.962967e-20	-0.000000e+00	0.000000e+00	1.004757e+00	1.646657e-03
75	0.000000e+00	1.986723e+07	-1.986723e+07	-0.000000e+00	-7.027047e-19	-0.000000e+00	0.000000e+00	3.807507e-04	2.003285e-07
44	0.000000e+00	1.422984e+04	-1.422984e+04	-2.047395e-06	-6.406850e-04	-0.000000e+00	0.000000e+00	-2.109396e-06	-2.778870e-15
45	3.000000e+08	1.794167e+00	-4.315179e+06	-2.955614e+08	-1.234455e+05	-0.000000e+00	0.000000e+00	-5.473666e-02	-4.683099e-18
46	0.000000e+00	4.315754e+06	-4.315754e+06	-0.000000e+00	-5.016362e-21	-0.000000e+00	0.000000e+00	5.473737e-02	2.697004e-06
47	0.000000e+00	1.952961e+05	-1.952961e+05	-0.000000e+00	-3.448094e-22	-0.000000e+00	0.000000e+00	2.910383e-11	1.598476e-14
48	0.000000e+00	4.122417e+06	-4.122417e+06	-0.000000e+00	-2.993204e-22	-0.000000e+00	0.000000e+00	9.313226e-10	2.158527e-11
68	0.000000e+00	2.474608e+03	-2.474608e+03	-1.391728e-15	-3.628676e-13	-0.000000e+00	0.000000e+00	-3.092743e-12	-3.708877e-12
73	0.000000e+00	1.273238e+04	-1.062360e+02	-3.967028e+03	-7.086970e+03	-0.000000e+00	-1.572145e+03	1.548619e-08	3.108358e-20
78	0.000000e+00	0.000000e+00	0.000000e+00	-1.572145e+03	-3.259973e-09	-0.000000e+00	1.572145e+03	4.547474e-13	7.367837e-25
79	0.000000e+00	5.549930e-86	0.000000e+00	-0.000000e+00	-5.548605e-86	-0.000000e+00	0.000000e+00	1.325704e-89	1.389548e-22
111	0.000000e+00	0.000000e+00	0.000000e+00	-0.000000e+00	0.000000e+00	-0.000000e+00	0.000000e+00	0.000000e+00	nan
8	0.000000e+00	5.341878e+03	-5.341878e+03	-0.000000e+00	-1.522908e-11	-0.000000e+00	0.000000e+00	1.804283e-05	4.383931e-14
9	0.000000e+00	4.110252e-01	-4.110237e-01	-1.469173e-06	0.000000e+00	-0.000000e+00	0.000000e+00	-5.492909e-10	-3.089489e-14
10	0.000000e+00	1.969144e+00	-1.969144e+00	-0.000000e+00	-3.366491e-11	-0.000000e+00	0.000000e+00	5.492914e-10	5.669758e-12
57	0.000000e+00	1.673739e+00	-1.673739e+00	-0.000000e+00	-8.107853e-27	-0.000000e+00	0.000000e+00	-1.443290e-14	-2.329714e-14
11	0.000000e+00	2.724603e+03	-2.572771e+03	-0.000000e+00	-1.518320e+02	-0.000000e+00	0.000000e+00	-1.835009e-05	-3.409501e-19
12	1.000000e+08	1.777391e+09	-1.877333e+09	-5.713651e+04	-2.827098e-01	-0.000000e+00	0.000000e+00	7.618728e-01	8.003754e-13
13	0.000000e+00	7.594149e+09	-7.571194e+09	-2.295481e+07	-8.682788e+02	-0.000000e+00	0.000000e+00	-4.816206e-01	-1.303159e-15
14	0.000000e+00	3.653822e+09	-3.647261e+09	-2.504257e+06	-4.056810e+06	-0.000000e+00	0.000000e+00	-2.055204e-01	-1.968505e-13
15	0.000000e+00	2.838829e+09	-2.838466e+09	-1.273059e+05	-2.355545e+05	-0.000000e+00	0.000000e+00	-4.324954e-04	-4.202106e-17
16	0.000000e+00	1.527431e+01	-1.527431e+01	-0.000000e+00	-3.550040e-07	-0.000000e+00	0.000000e+00	-2.288895e-11	-1.000451e-14
17	0.000000e+00	1.059697e+08	-3.934965e+07	-4.133483e+07	-2.528525e+07	-0.000000e+00	0.000000e+00	-3.237657e-02	-4.157994e-16
18	0.000000e+00	8.287952e+01	-8.016394e+01	-1.560462e+00	-1.155116e+00	-0.000000e+00	0.000000e+00	-4.135500e-07	-6.387769e-15
70	0.000000e+00	2.583736e+09	-2.580656e+09	-8.705357e+04	-2.992708e+06	-0.000000e+00	0.000000e+00	-4.150177e-02	-1.543966e-16
37	0.000000e+00	3.840954e-01	-1.036570e-01	-2.410366e-01	-3.940179e-02	-0.000000e+00	0.000000e+00	1.008221e-14	1.901826e-22
38	0.000000e+00	1.573359e+01	-1.573359e+01	-1.281513e-27	-5.094133e-21	-0.000000e+00	0.000000e+00	-8.881789e-15	-5.361245e-14
39	0.000000e+00	1.108916e-03	-1.108916e-03	-0.000000e+00	-3.168379e-25	-0.000000e+00	0.000000e+00	-2.168408e-19	-3.073152e-17
72	0.000000e+00	1.154402e+00	-1.154401e+00	-0.000000e+00	-8.122751e-07	-0.000000e+00	0.000000e+00	7.784016e-11	5.573276e-23
65	0.000000e+00	5.030433e+00	-5.030432e+00	-4.096576e-07	-3.114506e-07	-0.000000e+00	0.000000e+00	-1.854608e-08	-5.308475e-14
66	0.000000e+00	1.242698e-03	-1.240924e-03	-1.730777e-06	-4.346106e-08	-0.000000e+00	0.000000e+00	-4.781722e-12	-2.300094e-14
109	0.000000e+00	1.236053e-08	-1.128326e-08	-0.000000e+00	-1.077276e-09	-0.000000e+00	0.000000e+00	-4.160867e-17	-1.889532e-16
67	0.000000e+00	3.853695e-16	-3.853695e-16	-0.000000e+00	-8.215271e-41	-0.000000e+00	0.000000e+00	-3.428604e-25	-1.905211e-10
110	0.000000e+00	1.110363e-22	-1.102650e-22	-0.000000e+00	-7.712538e-25	-0.000000e+00	0.000000e+00	-3.880596e-31	-1.973586e-15
106	0.000000e+00	2.145854e-25	-2.145854e-25	-0.000000e+00	-4.245141e-34	-0.000000e+00	0.000000e+00	-2.861883e-33	-4.027604e-18
107	0.000000e+00	1.672758e-14	-1.672758e-14	-0.000000e+00	-6.169195e-23	-0.000000e+00	0.000000e+00	3.076352e-23	2.900264e-19
108	0.000000e+00	1.672751e-14	-1.672751e-14	-0.000000e+00	-9.569533e-28	-0.000000e+00	0.000000e+00	-3.072433e-23	-9.265305e-15
49	0.000000e+00	5.756255e-14	-4.211040e-14	-1.544908e-14	-2.902383e-18	-0.000000e+00	0.000000e+00	1.613750e-19	5.615381e-14
50	0.000000e+00	2.296714e-20	-2.296714e-20	-0.000000e+00	-9.961345e-50	-0.000000e+00	0.000000e+00	2.106486e-35	2.985402e-14
51	0.000000e+00	0.000000e+00	0.000000e+00	-0.000000e+00	0.000000e+00	-0.000000e+00	0.000000e+00	0.000000e+00	nan
69	0.000000e+00	0.000000e+00	0.000000e+00	-0.000000e+00	0.000000e+00	-0.000000e+00	0.000000e+00	0.000000e+00	nan
