110.000000  1.359751e-05
111.000000  1.359751e-05
112.000000  3.399377e-06
113.000000  1.359751e-05
114.000000  1.359751e-05
115.000000  4.759127e-06
116.000000  6.798753e-06
117.000000  1.359751e-05
118.000000  8.838379e-06
119.000000  1.359751e-05
119.500000  6.190000e-05
120.500000  5.610000e-04
121.500000  4.900000e-03
122.500000  1.180000e-03
123.500000  4.770000e-05
124.500000  3.430000e-05
125.500000  2.880000e-05
126.500000  3.520000e-05
127.500000  2.130000e-05
128.500000  1.730000e-05
129.500000  3.990000e-05
130.500000  1.210000e-04
131.500000  3.980000e-05
132.500000  4.130000e-05
133.500000  1.680000e-04
134.500000  4.570000e-05
135.500000  3.800000e-05
136.500000  3.090000e-05
137.500000  2.920000e-05
138.500000  3.970000e-05
139.500000  7.560000e-05
140.500000  6.080000e-05
141.500000  4.210000e-05
142.500000  4.680000e-05
143.500000  5.110000e-05
144.500000  5.090000e-05
145.500000  5.540000e-05
146.500000  7.090000e-05
147.500000  8.490000e-05
148.500000  8.200000e-05
149.500000  7.960000e-05
150.500000  8.700000e-05
151.500000  9.270000e-05
152.500000  1.160000e-04
153.500000  1.300000e-04
154.500000  2.060000e-04
155.500000  2.140000e-04
156.500000  1.850000e-04
157.500000  1.720000e-04
158.500000  1.680000e-04
159.500000  1.750000e-04
160.500000  1.930000e-04
161.500000  2.230000e-04
162.500000  2.520000e-04
163.500000  2.840000e-04
164.500000  2.970000e-04
165.500000  4.300000e-04
166.500000  3.990000e-04
167.500000  3.880000e-04
168.500000  4.560000e-04
169.500000  5.880000e-04
170.500000  6.620000e-04
171.500000  6.880000e-04
172.500000  7.250000e-04
173.500000  7.650000e-04
174.500000  9.070000e-04
175.500000  1.080000e-03
176.500000  1.220000e-03
177.500000  1.400000e-03
178.500000  1.540000e-03
179.500000  1.580000e-03
180.500000  1.830000e-03
181.500000  2.230000e-03
182.500000  2.240000e-03
183.500000  2.240000e-03
184.500000  2.070000e-03
185.500000  2.310000e-03
186.500000  2.700000e-03
187.500000  3.010000e-03
188.500000  3.290000e-03
189.500000  3.570000e-03
190.500000  3.760000e-03
191.500000  4.170000e-03
192.500000  4.110000e-03
193.500000  3.810000e-03
194.500000  5.210000e-03
195.500000  5.430000e-03
196.500000  6.010000e-03
197.500000  6.190000e-03
198.500000  6.190000e-03
199.500000  6.660000e-03
200.500000  7.330000e-03
201.500000  8.020000e-03
202.500000  8.260000e-03
203.500000  9.220000e-03
204.500000  1.030000e-02
205.500000  1.050000e-02
206.500000  1.110000e-02
207.500000  1.270000e-02
208.500000  1.510000e-02
209.500000  2.140000e-02
210.500000  2.790000e-02
211.500000  3.350000e-02
212.500000  3.130000e-02
213.500000  3.320000e-02
214.500000  4.000000e-02
215.500000  3.620000e-02
216.500000  3.230000e-02
217.500000  3.530000e-02
218.500000  4.440000e-02
219.500000  4.690000e-02
220.500000  4.730000e-02
221.500000  3.960000e-02
222.500000  4.970000e-02
223.500000  6.300000e-02
224.500000  5.900000e-02
225.500000  5.230000e-02
226.500000  3.940000e-02
227.500000  3.990000e-02
228.500000  5.200000e-02
229.500000  4.770000e-02
230.500000  5.210000e-02
231.500000  5.100000e-02
232.500000  5.330000e-02
233.500000  4.470000e-02
234.500000  3.900000e-02
235.500000  5.140000e-02
236.500000  4.860000e-02
237.500000  4.840000e-02
238.500000  4.200000e-02
239.500000  4.410000e-02
240.500000  3.960000e-02
241.500000  5.150000e-02
242.500000  7.060000e-02
243.500000  6.650000e-02
244.500000  6.100000e-02
245.500000  4.940000e-02
246.500000  5.040000e-02
247.500000  5.550000e-02
248.500000  4.570000e-02
249.500000  5.640000e-02
250.500000  6.010000e-02
251.500000  4.600000e-02
252.500000  4.160000e-02
253.500000  5.160000e-02
254.500000  5.960000e-02
255.500000  7.930000e-02
256.500000  1.020000e-01
257.500000  1.250000e-01
258.500000  1.250000e-01
259.500000  1.040000e-01
260.500000  8.550000e-02
261.500000  8.980000e-02
262.500000  1.040000e-01
263.500000  1.660000e-01
264.500000  2.500000e-01
265.500000  2.530000e-01
266.500000  2.490000e-01
267.500000  2.510000e-01
268.500000  2.440000e-01
269.500000  2.390000e-01
270.500000  2.670000e-01
271.500000  2.240000e-01
272.500000  1.970000e-01
273.500000  1.970000e-01
274.500000  1.330000e-01
275.500000  1.750000e-01
276.500000  2.430000e-01
277.500000  2.340000e-01
278.500000  1.590000e-01
279.500000  8.560000e-02
280.500000  9.460000e-02
281.500000  2.080000e-01
282.500000  2.940000e-01
283.500000  3.140000e-01
284.500000  2.350000e-01
285.500000  1.630000e-01
286.500000  3.230000e-01
287.500000  3.360000e-01
288.500000  3.220000e-01
289.500000  4.730000e-01
290.500000  6.010000e-01
291.500000  5.810000e-01
292.500000  5.220000e-01
293.500000  5.360000e-01
294.500000  5.090000e-01
295.500000  5.530000e-01
296.500000  5.100000e-01
297.500000  5.070000e-01
298.500000  4.660000e-01
299.500000  4.840000e-01
300.500000  4.200000e-01
301.500000  4.560000e-01
302.500000  4.890000e-01
303.500000  6.210000e-01
304.500000  6.030000e-01
305.500000  5.950000e-01
306.500000  5.560000e-01
307.500000  6.150000e-01
308.500000  6.110000e-01
309.500000  4.970000e-01
310.500000  6.220000e-01
311.500000  7.290000e-01
312.500000  6.560000e-01
313.500000  7.000000e-01
314.500000  6.630000e-01
315.500000  6.330000e-01
316.500000  6.330000e-01
317.500000  7.740000e-01
318.500000  6.650000e-01
319.500000  7.110000e-01
320.500000  8.050000e-01
321.500000  7.000000e-01
322.500000  6.890000e-01
323.500000  6.610000e-01
324.500000  7.610000e-01
325.500000  8.760000e-01
326.500000  9.800000e-01
327.500000  9.530000e-01
328.500000  9.180000e-01
329.500000  1.060000e+00
330.500000  1.020000e+00
331.500000  9.660000e-01
332.500000  9.550000e-01
333.500000  9.220000e-01
334.500000  9.590000e-01
335.500000  9.430000e-01
336.500000  8.100000e-01
337.500000  8.420000e-01
338.500000  9.220000e-01
339.500000  9.580000e-01
340.500000  1.010000e+00
341.500000  9.240000e-01
342.500000  9.930000e-01
343.500000  9.510000e-01
344.500000  7.960000e-01
345.500000  9.390000e-01
346.500000  9.260000e-01
347.500000  9.020000e-01
348.500000  8.970000e-01
349.500000  8.900000e-01
350.500000  1.050000e+00
351.500000  9.800000e-01
352.500000  9.080000e-01
353.500000  1.030000e+00
354.500000  1.110000e+00
355.500000  1.050000e+00
356.500000  9.120000e-01
357.500000  7.960000e-01
358.500000  6.940000e-01
359.500000  9.910000e-01
360.500000  9.710000e-01
361.500000  8.780000e-01
362.500000  9.980000e-01
363.500000  9.970000e-01
364.500000  1.010000e+00
365.500000  1.150000e+00
366.500000  1.230000e+00
367.500000  1.180000e+00
368.500000  1.100000e+00
369.500000  1.230000e+00
370.500000  1.140000e+00
371.500000  1.180000e+00
372.500000  1.050000e+00
373.500000  9.200000e-01
374.500000  9.000000e-01
375.500000  1.060000e+00
376.500000  1.090000e+00
377.500000  1.280000e+00
378.500000  1.330000e+00
379.500000  1.070000e+00
380.500000  1.200000e+00
381.500000  1.080000e+00
382.500000  7.910000e-01
383.500000  6.840000e-01
384.500000  9.600000e-01
385.500000  1.010000e+00
386.500000  1.010000e+00
387.500000  1.000000e+00
388.500000  9.840000e-01
389.500000  1.170000e+00
390.500000  1.250000e+00
391.500000  1.340000e+00
392.500000  1.020000e+00
393.500000  5.820000e-01
394.500000  1.030000e+00
395.500000  1.310000e+00
396.500000  8.550000e-01
397.500000  9.290000e-01
398.500000  1.520000e+00
399.500000  1.660000e+00
400.500000  1.680000e+00
401.500000  1.750000e+00
402.500000  1.760000e+00
403.500000  1.680000e+00
404.500000  1.670000e+00
405.500000  1.670000e+00
406.500000  1.590000e+00
407.500000  1.630000e+00
408.500000  1.740000e+00
409.500000  1.720000e+00
410.500000  1.530000e+00
411.500000  1.820000e+00
412.500000  1.790000e+00
413.500000  1.760000e+00
414.500000  1.740000e+00
415.500000  1.730000e+00
416.500000  1.840000e+00
417.500000  1.670000e+00
418.500000  1.680000e+00
419.500000  1.700000e+00
420.500000  1.760000e+00
421.500000  1.800000e+00
422.500000  1.580000e+00
423.500000  1.710000e+00
424.500000  1.770000e+00
425.500000  1.700000e+00
426.500000  1.700000e+00
427.500000  1.570000e+00
428.500000  1.590000e+00
429.500000  1.480000e+00
430.500000  1.140000e+00
431.500000  1.690000e+00
432.500000  1.650000e+00
433.500000  1.730000e+00
434.500000  1.670000e+00
435.500000  1.720000e+00
436.500000  1.930000e+00
437.500000  1.810000e+00
438.500000  1.570000e+00
439.500000  1.830000e+00
440.500000  1.710000e+00
441.500000  1.930000e+00
442.500000  1.980000e+00
443.500000  1.910000e+00
444.500000  1.970000e+00
445.500000  1.820000e+00
446.500000  1.890000e+00
447.500000  2.080000e+00
448.500000  1.970000e+00
449.500000  2.030000e+00
450.500000  2.140000e+00
451.500000  2.110000e+00
452.500000  1.940000e+00
453.500000  1.970000e+00
454.500000  1.980000e+00
455.500000  2.030000e+00
456.500000  2.080000e+00
457.500000  2.100000e+00
458.500000  1.970000e+00
459.500000  2.010000e+00
460.500000  2.040000e+00
461.500000  2.060000e+00
462.500000  2.100000e+00
463.500000  2.040000e+00
464.500000  1.980000e+00
465.500000  2.040000e+00
466.500000  1.920000e+00
467.500000  2.020000e+00
468.500000  1.990000e+00
469.500000  1.990000e+00
470.500000  1.880000e+00
471.500000  2.020000e+00
472.500000  2.040000e+00
473.500000  1.990000e+00
474.500000  2.050000e+00
475.500000  2.020000e+00
476.500000  1.960000e+00
477.500000  2.080000e+00
478.500000  2.010000e+00
479.500000  2.080000e+00
480.500000  2.040000e+00
481.500000  2.090000e+00
482.500000  2.020000e+00
483.500000  2.020000e+00
484.500000  1.970000e+00
485.500000  1.830000e+00
486.500000  1.630000e+00
487.500000  1.830000e+00
488.500000  1.910000e+00
489.500000  1.960000e+00
490.500000  2.010000e+00
491.500000  1.900000e+00
492.500000  1.900000e+00
493.500000  1.890000e+00
494.500000  2.060000e+00
495.500000  1.930000e+00
496.500000  2.020000e+00
497.500000  2.020000e+00
498.500000  1.870000e+00
499.500000  1.970000e+00
500.500000  1.860000e+00
501.500000  1.810000e+00
502.500000  1.890000e+00
503.500000  1.930000e+00
504.500000  1.870000e+00
505.500000  1.990000e+00
506.500000  1.960000e+00
507.500000  1.910000e+00
508.500000  1.920000e+00
509.500000  1.920000e+00
510.500000  1.950000e+00
511.500000  2.000000e+00
512.500000  1.870000e+00
513.500000  1.860000e+00
514.500000  1.870000e+00
515.500000  1.900000e+00
516.500000  1.670000e+00
517.500000  1.730000e+00
518.500000  1.650000e+00
519.500000  1.830000e+00
520.500000  1.830000e+00
521.500000  1.910000e+00
522.500000  1.820000e+00
523.500000  1.890000e+00
524.500000  1.960000e+00
525.500000  1.930000e+00
526.500000  1.670000e+00
527.500000  1.830000e+00
528.500000  1.900000e+00
529.500000  1.920000e+00
530.500000  1.950000e+00
531.500000  1.960000e+00
532.500000  1.770000e+00
533.500000  1.920000e+00
534.500000  1.860000e+00
535.500000  1.990000e+00
536.500000  1.870000e+00
537.500000  1.880000e+00
538.500000  1.900000e+00
539.500000  1.830000e+00
540.500000  1.770000e+00
541.500000  1.880000e+00
542.500000  1.830000e+00
543.500000  1.880000e+00
544.500000  1.880000e+00
545.500000  1.900000e+00
546.500000  1.880000e+00
547.500000  1.830000e+00
548.500000  1.860000e+00
549.500000  1.900000e+00
550.500000  1.860000e+00
551.500000  1.870000e+00
552.500000  1.850000e+00
553.500000  1.880000e+00
554.500000  1.900000e+00
555.500000  1.900000e+00
556.500000  1.820000e+00
557.500000  1.850000e+00
558.500000  1.790000e+00
559.500000  1.810000e+00
560.500000  1.840000e+00
561.500000  1.820000e+00
562.500000  1.850000e+00
563.500000  1.860000e+00
564.500000  1.850000e+00
565.500000  1.800000e+00
566.500000  1.830000e+00
567.500000  1.890000e+00
568.500000  1.810000e+00
569.500000  1.860000e+00
570.500000  1.770000e+00
571.500000  1.820000e+00
572.500000  1.890000e+00
573.500000  1.880000e+00
574.500000  1.870000e+00
575.500000  1.830000e+00
576.500000  1.850000e+00
577.500000  1.860000e+00
578.500000  1.780000e+00
579.500000  1.830000e+00
580.500000  1.840000e+00
581.500000  1.850000e+00
582.500000  1.870000e+00
583.500000  1.860000e+00
584.500000  1.860000e+00
585.500000  1.780000e+00
586.500000  1.830000e+00
587.500000  1.850000e+00
588.500000  1.750000e+00
589.500000  1.610000e+00
590.500000  1.810000e+00
591.500000  1.790000e+00
592.500000  1.810000e+00
593.500000  1.800000e+00
594.500000  1.770000e+00
595.500000  1.780000e+00
596.500000  1.810000e+00
597.500000  1.780000e+00
598.500000  1.760000e+00
599.500000  1.770000e+00
600.500000  1.750000e+00
601.500000  1.750000e+00
602.500000  1.720000e+00
603.500000  1.790000e+00
604.500000  1.780000e+00
605.500000  1.760000e+00
606.500000  1.760000e+00
607.500000  1.760000e+00
608.500000  1.740000e+00
609.500000  1.740000e+00
610.500000  1.700000e+00
611.500000  1.750000e+00
612.500000  1.710000e+00
613.500000  1.680000e+00
614.500000  1.710000e+00
615.500000  1.710000e+00
616.500000  1.610000e+00
617.500000  1.710000e+00
618.500000  1.720000e+00
619.500000  1.710000e+00
620.500000  1.730000e+00
621.500000  1.690000e+00
622.500000  1.710000e+00
623.500000  1.670000e+00
624.500000  1.660000e+00
625.500000  1.630000e+00
626.500000  1.700000e+00
627.500000  1.700000e+00
628.500000  1.700000e+00
629.500000  1.680000e+00
631.000000  1.640000e+00
633.000000  1.650000e+00
635.000000  1.660000e+00
637.000000  1.650000e+00
639.000000  1.650000e+00
641.000000  1.610000e+00
643.000000  1.620000e+00
645.000000  1.630000e+00
647.000000  1.600000e+00
649.000000  1.560000e+00
651.000000  1.610000e+00
653.000000  1.600000e+00
655.000000  1.530000e+00
657.000000  1.380000e+00
659.000000  1.550000e+00
661.000000  1.570000e+00
663.000000  1.560000e+00
665.000000  1.560000e+00
667.000000  1.540000e+00
669.000000  1.550000e+00
671.000000  1.520000e+00
673.000000  1.520000e+00
675.000000  1.510000e+00
677.000000  1.510000e+00
679.000000  1.500000e+00
681.000000  1.490000e+00
683.000000  1.480000e+00
685.000000  1.460000e+00
687.000000  1.470000e+00
689.000000  1.460000e+00
691.000000  1.450000e+00
693.000000  1.450000e+00
695.000000  1.440000e+00
697.000000  1.420000e+00
699.000000  1.430000e+00
701.000000  1.390000e+00
703.000000  1.390000e+00
705.000000  1.420000e+00
707.000000  1.400000e+00
709.000000  1.380000e+00
711.000000  1.390000e+00
713.000000  1.370000e+00
715.000000  1.370000e+00
717.000000  1.350000e+00
719.000000  1.330000e+00
721.000000  1.330000e+00
723.000000  1.350000e+00
725.000000  1.350000e+00
727.000000  1.350000e+00
729.000000  1.320000e+00
731.000000  1.330000e+00
733.000000  1.320000e+00
735.000000  1.310000e+00
737.000000  1.310000e+00
739.000000  1.280000e+00
741.000000  1.260000e+00
743.000000  1.290000e+00
745.000000  1.280000e+00
747.000000  1.280000e+00
749.000000  1.270000e+00
751.000000  1.260000e+00
753.000000  1.260000e+00
755.000000  1.260000e+00
757.000000  1.250000e+00
759.000000  1.240000e+00
761.000000  1.240000e+00
763.000000  1.240000e+00
765.000000  1.220000e+00
767.000000  1.190000e+00
769.000000  1.200000e+00
771.000000  1.200000e+00
773.000000  1.210000e+00
775.000000  1.190000e+00
777.000000  1.200000e+00
779.000000  1.190000e+00
781.000000  1.190000e+00
783.000000  1.180000e+00
785.000000  1.180000e+00
787.000000  1.180000e+00
789.000000  1.170000e+00
791.000000  1.160000e+00
793.000000  1.140000e+00
795.000000  1.130000e+00
797.000000  1.150000e+00
799.000000  1.140000e+00
801.000000  1.140000e+00
803.000000  1.130000e+00
805.000000  1.120000e+00
807.000000  1.120000e+00
809.000000  1.100000e+00
811.000000  1.110000e+00
813.000000  1.120000e+00
815.000000  1.110000e+00
817.000000  1.100000e+00
819.000000  1.060000e+00
821.000000  1.080000e+00
823.000000  1.070000e+00
825.000000  1.080000e+00
826.000000  1.080000e+00
828.000000  1.080000e+00
830.000000  1.060000e+00
832.000000  1.050000e+00
834.000000  1.040000e+00
836.000000  1.050000e+00
838.000000  1.040000e+00
840.000000  1.040000e+00
842.000000  1.040000e+00
844.000000  1.020000e+00
846.000000  1.030000e+00
848.000000  1.020000e+00
850.000000  9.660000e-01
852.000000  9.960000e-01
854.000000  8.780000e-01
856.000000  9.760000e-01
858.000000  1.010000e+00
860.000000  9.970000e-01
862.000000  9.950000e-01
864.000000  9.990000e-01
866.000000  8.860000e-01
868.000000  9.400000e-01
870.000000  9.750000e-01
872.000000  9.830000e-01
874.000000  9.710000e-01
876.000000  9.640000e-01
878.000000  9.750000e-01
880.000000  9.550000e-01
882.000000  9.510000e-01
884.000000  9.580000e-01
886.000000  9.380000e-01
888.000000  9.440000e-01
890.000000  9.530000e-01
892.000000  9.390000e-01
894.000000  9.330000e-01
896.000000  9.390000e-01
898.000000  9.340000e-01
900.000000  9.160000e-01
902.000000  8.920000e-01
904.000000  9.290000e-01
906.000000  9.180000e-01
908.000000  9.030000e-01
910.000000  8.920000e-01
912.000000  8.970000e-01
914.000000  9.070000e-01
916.000000  9.000000e-01
918.000000  8.950000e-01
920.000000  8.910000e-01
922.000000  8.630000e-01
924.000000  8.590000e-01
926.000000  8.610000e-01
928.000000  8.770000e-01
930.000000  8.680000e-01
932.000000  8.650000e-01
934.000000  8.640000e-01
936.000000  8.550000e-01
938.000000  8.580000e-01
940.000000  8.440000e-01
942.000000  8.250000e-01
944.000000  8.320000e-01
946.000000  8.380000e-01
948.000000  8.410000e-01
950.000000  8.370000e-01
952.000000  8.320000e-01
954.000000  8.080000e-01
956.000000  8.080000e-01
958.000000  8.190000e-01
960.000000  8.150000e-01
962.000000  8.090000e-01
964.000000  8.010000e-01
966.000000  7.950000e-01
968.000000  7.970000e-01
970.000000  7.960000e-01
972.000000  7.940000e-01
974.000000  7.820000e-01
976.000000  7.830000e-01
978.000000  7.780000e-01
980.000000  7.750000e-01
982.000000  7.760000e-01
984.000000  7.700000e-01
986.000000  7.660000e-01
988.000000  7.620000e-01
990.000000  7.540000e-01
992.000000  7.570000e-01
994.000000  7.560000e-01
996.000000  7.530000e-01
998.000000  7.510000e-01
1000.000000  7.480000e-01
1002.000000  7.470000e-01
1004.000000  7.260000e-01
1006.000000  7.140000e-01
1008.000000  7.340000e-01
1010.000000  7.310000e-01
1012.000000  7.260000e-01
1014.000000  7.210000e-01
1016.000000  7.140000e-01
1018.000000  7.110000e-01
1020.000000  7.040000e-01
1022.000000  7.020000e-01
1024.000000  7.050000e-01
1026.000000  7.030000e-01
1028.000000  6.990000e-01
1030.000000  6.940000e-01
1032.000000  6.910000e-01
1034.000000  6.820000e-01
1036.000000  6.840000e-01
1038.000000  6.770000e-01
1040.000000  6.760000e-01
1042.000000  6.750000e-01
1044.000000  6.710000e-01
1046.000000  6.600000e-01
1048.000000  6.640000e-01
1050.000000  6.620000e-01
1052.000000  6.590000e-01
1054.000000  6.550000e-01
1056.000000  6.560000e-01
1058.000000  6.450000e-01
1060.000000  6.420000e-01
1062.000000  6.440000e-01
1064.000000  6.460000e-01
1066.000000  6.400000e-01
1068.000000  6.320000e-01
1070.000000  6.240000e-01
1072.000000  6.330000e-01
1074.000000  6.280000e-01
1076.000000  6.280000e-01
1078.000000  6.270000e-01
1080.000000  6.250000e-01
1082.000000  6.100000e-01
1084.000000  6.180000e-01
1086.000000  6.210000e-01
1088.000000  6.100000e-01
1090.000000  6.200000e-01
1092.000000  6.160000e-01
1094.000000  5.850000e-01
1096.000000  5.980000e-01
1098.000000  5.960000e-01
1100.000000  6.040000e-01
1102.000000  5.930000e-01
1104.000000  5.970000e-01
1106.000000  5.950000e-01
1108.000000  5.920000e-01
1110.000000  5.910000e-01
1112.000000  5.840000e-01
1114.000000  5.840000e-01
1116.000000  5.830000e-01
1118.000000  5.820000e-01
1120.000000  5.740000e-01
1122.000000  5.800000e-01
1124.000000  5.770000e-01
1126.000000  5.660000e-01
1128.000000  5.700000e-01
1130.000000  5.650000e-01
1132.000000  5.680000e-01
1134.000000  5.640000e-01
1136.000000  5.660000e-01
1138.000000  5.570000e-01
1140.000000  5.530000e-01
1142.000000  5.530000e-01
1144.000000  5.510000e-01
1146.000000  5.550000e-01
1148.000000  5.530000e-01
1150.000000  5.490000e-01
1152.000000  5.460000e-01
1154.000000  5.480000e-01
1156.000000  5.460000e-01
1158.000000  5.440000e-01
1160.000000  5.320000e-01
1162.000000  5.330000e-01
1164.000000  5.330000e-01
1166.000000  5.300000e-01
1168.000000  5.310000e-01
1170.000000  5.280000e-01
1172.000000  5.320000e-01
1174.000000  5.270000e-01
1176.000000  5.180000e-01
1178.000000  5.190000e-01
1180.000000  5.240000e-01
1182.000000  5.160000e-01
1184.000000  5.100000e-01
1186.000000  5.190000e-01
1188.000000  5.080000e-01
1190.000000  5.090000e-01
1192.000000  5.160000e-01
1194.000000  5.150000e-01
1196.000000  5.080000e-01
1198.000000  4.940000e-01
1200.000000  5.000000e-01
1202.000000  5.070000e-01
1204.000000  4.950000e-01
1206.000000  5.040000e-01
1208.000000  4.890000e-01
1210.000000  4.880000e-01
1212.000000  4.930000e-01
1214.000000  4.940000e-01
1216.000000  4.930000e-01
1218.000000  4.900000e-01
1220.000000  4.880000e-01
1222.000000  4.850000e-01
1224.000000  4.850000e-01
1226.000000  4.820000e-01
1228.000000  4.770000e-01
1230.000000  4.790000e-01
1232.000000  4.750000e-01
1234.000000  4.730000e-01
1236.000000  4.720000e-01
1238.000000  4.700000e-01
1240.000000  4.650000e-01
1242.000000  4.640000e-01
1244.000000  4.620000e-01
1246.000000  4.640000e-01
1248.000000  4.630000e-01
1250.000000  4.620000e-01
1252.000000  4.570000e-01
1254.000000  4.570000e-01
1256.000000  4.550000e-01
1258.000000  4.530000e-01
1260.000000  4.530000e-01
1262.000000  4.500000e-01
1264.000000  4.480000e-01
1266.000000  4.470000e-01
1268.000000  4.420000e-01
1270.000000  4.450000e-01
1272.000000  4.450000e-01
1274.000000  4.430000e-01
1276.000000  4.450000e-01
1278.000000  4.440000e-01
1280.000000  4.360000e-01
1282.000000  4.010000e-01
1284.000000  4.260000e-01
1286.000000  4.330000e-01
1288.000000  4.310000e-01
1290.000000  4.260000e-01
1292.000000  4.250000e-01
1294.000000  4.220000e-01
1296.000000  4.220000e-01
1298.000000  4.180000e-01
1300.000000  4.190000e-01
1302.000000  4.140000e-01
1304.000000  4.110000e-01
1306.000000  4.140000e-01
1308.000000  4.120000e-01
1310.000000  4.110000e-01
1312.000000  4.030000e-01
1314.000000  4.020000e-01
1316.000000  3.980000e-01
1318.000000  4.020000e-01
1320.000000  4.020000e-01
1322.000000  3.990000e-01
1324.000000  3.980000e-01
1326.000000  3.950000e-01
1328.000000  3.910000e-01
1330.000000  3.880000e-01
1332.000000  3.860000e-01
1334.000000  3.890000e-01
1336.000000  3.870000e-01
1338.000000  3.830000e-01
1340.000000  3.790000e-01
1342.000000  3.810000e-01
1344.000000  3.800000e-01
1346.000000  3.770000e-01
1348.000000  3.770000e-01
1350.000000  3.720000e-01
1352.000000  3.740000e-01
1354.000000  3.720000e-01
1356.000000  3.680000e-01
1358.000000  3.690000e-01
1360.000000  3.670000e-01
1362.000000  3.680000e-01
1364.000000  3.660000e-01
1366.000000  3.660000e-01
1368.000000  3.630000e-01
1370.000000  3.600000e-01
1372.000000  3.620000e-01
1374.000000  3.610000e-01
1376.000000  3.560000e-01
1378.000000  3.580000e-01
1380.000000  3.580000e-01
1382.000000  3.550000e-01
1384.000000  3.550000e-01
1386.000000  3.530000e-01
1388.000000  3.530000e-01
1390.000000  3.510000e-01
1392.000000  3.510000e-01
1394.000000  3.490000e-01
1396.000000  3.490000e-01
1398.000000  3.490000e-01
1400.000000  3.430000e-01
1402.000000  3.440000e-01
1404.000000  3.430000e-01
1406.000000  3.430000e-01
1408.000000  3.430000e-01
1410.000000  3.420000e-01
1412.000000  3.350000e-01
1414.000000  3.380000e-01
1416.000000  3.390000e-01
1418.000000  3.390000e-01
1420.000000  3.360000e-01
1422.000000  3.320000e-01
1424.000000  3.310000e-01
1426.000000  3.280000e-01
1428.000000  3.290000e-01
1430.000000  3.260000e-01
1432.000000  3.300000e-01
1434.000000  3.280000e-01
1436.000000  3.290000e-01
1438.000000  3.280000e-01
1440.000000  3.190000e-01
1442.000000  3.190000e-01
1444.000000  3.200000e-01
1446.000000  3.220000e-01
1448.000000  3.220000e-01
1450.000000  3.190000e-01
1452.000000  3.150000e-01
1454.000000  3.140000e-01
1456.000000  3.130000e-01
1458.000000  3.170000e-01
1460.000000  3.160000e-01
1462.000000  3.120000e-01
1464.000000  3.110000e-01
1466.000000  3.110000e-01
1468.000000  3.110000e-01
1470.000000  3.100000e-01
1472.000000  3.070000e-01
1474.000000  3.030000e-01
1476.000000  3.050000e-01
1478.000000  3.040000e-01
1480.000000  3.070000e-01
1482.000000  3.040000e-01
1484.000000  3.040000e-01
1486.000000  3.030000e-01
1488.000000  2.860000e-01
1490.000000  3.020000e-01
1492.000000  3.020000e-01
1494.000000  3.030000e-01
1496.000000  2.970000e-01
1498.000000  2.990000e-01
1500.000000  3.010000e-01
1502.000000  2.920000e-01
1504.000000  2.800000e-01
1506.000000  2.850000e-01
1508.000000  2.920000e-01
1510.000000  2.950000e-01
1512.000000  2.910000e-01
1514.000000  2.880000e-01
1516.000000  2.880000e-01
1518.000000  2.880000e-01
1520.000000  2.870000e-01
1522.000000  2.820000e-01
1524.000000  2.840000e-01
1526.000000  2.850000e-01
1528.000000  2.850000e-01
1530.000000  2.770000e-01
1532.000000  2.820000e-01
1534.000000  2.780000e-01
1536.000000  2.810000e-01
1538.000000  2.770000e-01
1540.000000  2.730000e-01
1542.000000  2.750000e-01
1544.000000  2.780000e-01
1546.000000  2.770000e-01
1548.000000  2.710000e-01
1550.000000  2.710000e-01
1552.000000  2.730000e-01
1554.000000  2.680000e-01
1556.000000  2.670000e-01
1558.000000  2.690000e-01
1560.000000  2.680000e-01
1562.000000  2.700000e-01
1564.000000  2.670000e-01
1566.000000  2.650000e-01
1568.000000  2.630000e-01
1570.000000  2.650000e-01
1572.000000  2.670000e-01
1574.000000  2.610000e-01
1576.000000  2.540000e-01
1578.000000  2.550000e-01
1580.000000  2.650000e-01
1582.000000  2.590000e-01
1584.000000  2.590000e-01
1586.000000  2.600000e-01
1588.000000  2.490000e-01
1590.000000  2.410000e-01
1592.000000  2.530000e-01
1594.000000  2.580000e-01
1596.000000  2.510000e-01
1598.000000  2.550000e-01
1600.000000  2.510000e-01
1602.000000  2.490000e-01
1604.000000  2.500000e-01
1606.000000  2.480000e-01
1608.000000  2.490000e-01
1610.000000  2.400000e-01
1612.000000  2.430000e-01
1614.000000  2.450000e-01
1616.000000  2.370000e-01
1618.000000  2.420000e-01
1620.000000  2.370000e-01
1622.000000  2.380000e-01
1624.000000  2.420000e-01
1626.000000  2.400000e-01
1628.000000  2.420000e-01
1630.000000  2.390000e-01
1632.000000  2.390000e-01
1634.000000  2.360000e-01
1636.000000  2.360000e-01
1638.000000  2.270000e-01
1640.000000  2.260000e-01
1642.000000  2.270000e-01
1644.000000  2.280000e-01
1646.000000  2.290000e-01
1648.000000  2.290000e-01
1650.000000  2.270000e-01
1652.000000  2.270000e-01
1654.000000  2.260000e-01
1656.000000  2.260000e-01
1658.000000  2.250000e-01
1660.000000  2.250000e-01
1662.000000  2.250000e-01
1664.000000  2.230000e-01
1666.000000  2.210000e-01
1668.000000  2.190000e-01
1670.000000  2.230000e-01
1672.000000  2.170000e-01
1674.000000  2.190000e-01
1676.000000  2.160000e-01
1678.000000  2.170000e-01
1680.000000  2.080000e-01
1682.000000  2.050000e-01
1684.000000  2.130000e-01
1686.000000  2.130000e-01
1688.000000  2.120000e-01
1690.000000  2.110000e-01
1692.000000  2.120000e-01
1694.000000  2.110000e-01
1696.000000  2.100000e-01
1698.000000  2.090000e-01
1700.000000  2.060000e-01
1702.000000  2.050000e-01
1704.000000  2.050000e-01
1706.000000  2.050000e-01
1708.000000  2.020000e-01
1710.000000  2.010000e-01
1712.000000  1.980000e-01
1714.000000  2.040000e-01
1716.000000  2.020000e-01
1718.000000  2.010000e-01
1720.000000  1.990000e-01
1722.000000  1.980000e-01
1724.000000  1.950000e-01
1726.000000  1.980000e-01
1728.000000  1.970000e-01
1730.000000  1.980000e-01
1732.000000  1.940000e-01
1734.000000  1.870000e-01
1736.000000  1.830000e-01
1738.000000  1.860000e-01
1740.000000  1.910000e-01
1742.000000  1.900000e-01
1744.000000  1.910000e-01
1746.000000  1.870000e-01
1748.000000  1.870000e-01
1750.000000  1.860000e-01
1752.000000  1.850000e-01
1754.000000  1.860000e-01
1756.000000  1.850000e-01
1758.000000  1.840000e-01
1760.000000  1.830000e-01
1762.000000  1.790000e-01
1764.000000  1.810000e-01
1766.000000  1.820000e-01
1768.000000  1.800000e-01
1770.000000  1.790000e-01
1772.000000  1.790000e-01
1774.000000  1.790000e-01
1776.000000  1.760000e-01
1778.000000  1.750000e-01
1780.000000  1.760000e-01
1782.000000  1.750000e-01
1784.000000  1.740000e-01
1786.000000  1.740000e-01
1788.000000  1.750000e-01
1790.000000  1.730000e-01
1792.000000  1.720000e-01
1794.000000  1.710000e-01
1796.000000  1.710000e-01
1798.000000  1.700000e-01
1800.000000  1.700000e-01
1802.000000  1.670000e-01
1804.000000  1.690000e-01
1806.000000  1.690000e-01
1808.000000  1.690000e-01
1810.000000  1.690000e-01
1812.000000  1.680000e-01
1814.000000  1.660000e-01
1816.000000  1.610000e-01
1818.000000  1.520000e-01
1820.000000  1.600000e-01
1822.000000  1.600000e-01
1824.000000  1.620000e-01
1826.000000  1.630000e-01
1828.000000  1.610000e-01
1830.000000  1.610000e-01
1832.000000  1.590000e-01
1834.000000  1.590000e-01
1836.000000  1.580000e-01
1838.000000  1.560000e-01
1840.000000  1.560000e-01
1842.000000  1.540000e-01
1844.000000  1.540000e-01
1846.000000  1.540000e-01
1848.000000  1.510000e-01
1850.000000  1.550000e-01
1852.000000  1.530000e-01
1854.000000  1.530000e-01
1856.000000  1.510000e-01
1858.000000  1.530000e-01
1860.000000  1.500000e-01
1862.000000  1.500000e-01
1864.000000  1.510000e-01
1866.000000  1.490000e-01
1868.000000  1.490000e-01
1870.000000  1.510000e-01
1872.000000  1.470000e-01
1874.000000  1.400000e-01
1876.000000  1.300000e-01
1878.000000  1.440000e-01
1880.000000  1.460000e-01
1882.000000  1.470000e-01
1884.000000  1.460000e-01
1886.000000  1.440000e-01
1888.000000  1.450000e-01
1890.000000  1.420000e-01
1892.000000  1.410000e-01
1894.000000  1.400000e-01
1896.000000  1.370000e-01
1898.000000  1.390000e-01
1900.000000  1.400000e-01
1902.000000  1.410000e-01
1904.000000  1.390000e-01
1906.000000  1.390000e-01
1908.000000  1.380000e-01
1910.000000  1.380000e-01
1912.000000  1.350000e-01
1914.000000  1.370000e-01
1916.000000  1.360000e-01
1918.000000  1.350000e-01
1920.000000  1.330000e-01
1922.000000  1.350000e-01
1924.000000  1.340000e-01
1926.000000  1.340000e-01
1928.000000  1.320000e-01
1930.000000  1.310000e-01
1932.000000  1.310000e-01
1934.000000  1.320000e-01
1936.000000  1.330000e-01
1938.000000  1.320000e-01
1940.000000  1.300000e-01
1942.000000  1.290000e-01
1944.000000  1.200000e-01
1946.000000  1.190000e-01
1948.000000  1.270000e-01
1950.000000  1.260000e-01
1952.000000  1.260000e-01
1954.000000  1.290000e-01
1956.000000  1.280000e-01
1958.000000  1.270000e-01
1960.000000  1.260000e-01
1962.000000  1.240000e-01
1964.000000  1.220000e-01
1966.000000  1.230000e-01
1968.000000  1.240000e-01
1970.000000  1.240000e-01
1972.000000  1.210000e-01
1974.000000  1.210000e-01
1976.000000  1.220000e-01
1978.000000  1.190000e-01
1980.000000  1.200000e-01
1982.000000  1.210000e-01
1984.000000  1.200000e-01
1986.000000  1.180000e-01
1988.000000  1.200000e-01
1990.000000  1.200000e-01
1992.000000  1.180000e-01
1994.000000  1.160000e-01
1996.000000  1.170000e-01
1998.000000  1.160000e-01
2000.000000  1.170000e-01
2002.000000  1.160000e-01
2004.000000  1.150000e-01
2006.000000  1.150000e-01
2008.000000  1.150000e-01
2010.000000  1.150000e-01
2012.000000  1.150000e-01
2014.000000  1.140000e-01
2016.000000  1.140000e-01
2018.000000  1.130000e-01
2020.000000  1.120000e-01
2022.000000  1.110000e-01
2024.000000  1.120000e-01
2026.000000  1.120000e-01
2028.000000  1.110000e-01
2030.000000  1.090000e-01
2032.000000  1.100000e-01
2034.000000  1.090000e-01
2036.000000  1.080000e-01
2038.000000  1.060000e-01
2040.000000  1.080000e-01
2042.000000  1.080000e-01
2044.000000  1.080000e-01
2046.000000  1.070000e-01
2048.000000  1.060000e-01
2050.000000  1.060000e-01
2052.000000  1.050000e-01
2054.000000  1.050000e-01
2056.000000  1.050000e-01
2058.000000  1.040000e-01
2060.000000  1.030000e-01
2062.000000  1.020000e-01
2064.000000  1.010000e-01
2066.000000  1.030000e-01
2068.000000  1.020000e-01
2070.000000  1.000000e-01
2072.000000  1.000000e-01
2074.000000  1.010000e-01
2076.000000  1.010000e-01
2078.000000  1.000000e-01
2080.000000  9.880000e-02
2082.000000  9.860000e-02
2084.000000  9.770000e-02
2086.000000  9.850000e-02
2088.000000  9.840000e-02
2090.000000  9.790000e-02
2092.000000  9.570000e-02
2094.000000  9.590000e-02
2096.000000  9.580000e-02
2098.000000  9.620000e-02
2100.000000  9.610000e-02
2102.000000  9.580000e-02
2104.000000  9.560000e-02
2106.000000  9.570000e-02
2108.000000  9.510000e-02
2110.000000  9.400000e-02
2112.000000  9.450000e-02
2114.000000  9.440000e-02
2116.000000  9.330000e-02
2118.000000  9.310000e-02
2120.000000  9.280000e-02
2122.000000  9.280000e-02
2124.000000  9.190000e-02
2126.000000  9.210000e-02
2128.000000  9.230000e-02
2130.000000  9.210000e-02
2132.000000  9.210000e-02
2134.000000  9.160000e-02
2136.000000  9.010000e-02
2138.000000  9.110000e-02
2140.000000  9.080000e-02
2142.000000  9.060000e-02
2144.000000  9.010000e-02
2146.000000  8.940000e-02
2148.000000  8.980000e-02
2150.000000  8.960000e-02
2152.000000  8.910000e-02
2154.000000  8.880000e-02
2156.000000  8.870000e-02
2158.000000  8.840000e-02
2160.000000  8.780000e-02
2162.000000  8.690000e-02
2164.000000  8.460000e-02
2166.000000  7.850000e-02
2168.000000  8.300000e-02
2170.000000  8.560000e-02
2172.000000  8.590000e-02
2174.000000  8.590000e-02
2176.000000  8.530000e-02
2178.000000  8.430000e-02
2180.000000  8.500000e-02
2182.000000  8.430000e-02
2184.000000  8.460000e-02
2186.000000  8.470000e-02
2188.000000  8.280000e-02
2190.000000  8.300000e-02
2192.000000  8.380000e-02
2194.000000  8.350000e-02
2196.000000  8.320000e-02
2198.000000  8.300000e-02
2200.000000  8.270000e-02
2202.000000  8.230000e-02
2204.000000  8.210000e-02
2206.000000  7.970000e-02
2208.000000  7.970000e-02
2210.000000  8.080000e-02
2212.000000  8.110000e-02
2214.000000  8.070000e-02
2216.000000  7.990000e-02
2218.000000  7.970000e-02
2220.000000  8.000000e-02
2222.000000  7.960000e-02
2224.000000  7.930000e-02
2226.000000  7.810000e-02
2228.000000  7.830000e-02
2230.000000  7.830000e-02
2232.000000  7.820000e-02
2234.000000  7.800000e-02
2236.000000  7.760000e-02
2238.000000  7.650000e-02
2240.000000  7.640000e-02
2242.000000  7.640000e-02
2244.000000  7.620000e-02
2246.000000  7.610000e-02
2248.000000  7.520000e-02
2250.000000  7.540000e-02
2252.000000  7.510000e-02
2254.000000  7.400000e-02
2256.000000  7.420000e-02
2258.000000  7.440000e-02
2260.000000  7.420000e-02
2262.000000  7.300000e-02
2264.000000  7.330000e-02
2266.000000  7.320000e-02
2268.000000  7.330000e-02
2270.000000  7.300000e-02
2272.000000  7.280000e-02
2274.000000  7.250000e-02
2276.000000  7.240000e-02
2278.000000  7.240000e-02
2280.000000  7.170000e-02
2282.000000  7.010000e-02
2284.000000  7.130000e-02
2286.000000  7.120000e-02
2288.000000  7.130000e-02
2290.000000  7.110000e-02
2292.000000  7.070000e-02
2294.000000  6.920000e-02
2296.000000  6.910000e-02
2298.000000  6.920000e-02
2300.000000  6.950000e-02
2302.000000  6.960000e-02
2304.000000  6.930000e-02
2306.000000  6.920000e-02
2308.000000  6.900000e-02
2310.000000  6.870000e-02
2312.000000  6.870000e-02
2314.000000  6.830000e-02
2316.000000  6.780000e-02
2318.000000  6.750000e-02
2320.000000  6.770000e-02
2322.000000  6.680000e-02
2324.000000  6.540000e-02
2326.000000  6.560000e-02
2328.000000  6.630000e-02
2330.000000  6.620000e-02
2332.000000  6.580000e-02
2334.000000  6.570000e-02
2336.000000  6.540000e-02
2338.000000  6.500000e-02
2340.000000  6.520000e-02
2342.000000  6.540000e-02
2344.000000  6.510000e-02
2346.000000  6.490000e-02
2348.000000  6.470000e-02
2350.000000  6.450000e-02
2352.000000  6.290000e-02
2354.000000  6.240000e-02
2356.000000  6.280000e-02
2358.000000  6.270000e-02
2360.000000  6.310000e-02
2362.000000  6.310000e-02
2364.000000  6.300000e-02
2366.000000  6.280000e-02
2368.000000  6.260000e-02
2370.000000  6.210000e-02
2372.000000  6.210000e-02
2374.000000  6.070000e-02
2376.000000  6.160000e-02
2378.000000  6.190000e-02
2380.000000  6.170000e-02
2382.000000  6.100000e-02
2384.000000  5.890000e-02
2386.000000  5.910000e-02
2388.000000  6.000000e-02
2390.000000  6.030000e-02
2392.000000  6.010000e-02
2394.000000  6.000000e-02
2396.000000  6.000000e-02
2398.000000  5.990000e-02
2400.000000  5.940000e-02
2402.000000  5.970000e-02
2404.000000  5.950000e-02
2406.000000  5.920000e-02
2408.000000  5.920000e-02
2410.000000  5.900000e-02
2412.000000  5.890000e-02
2414.000000  5.730000e-02
2416.000000  5.600000e-02
2418.000000  5.750000e-02
2420.000000  5.770000e-02
2422.000000  5.770000e-02
2424.000000  5.730000e-02
2426.000000  5.720000e-02
2428.000000  5.710000e-02
2430.000000  5.710000e-02
2432.000000  5.700000e-02
2434.000000  5.640000e-02
2436.000000  5.620000e-02
2438.000000  5.600000e-02
2440.000000  5.640000e-02
2442.000000  5.620000e-02
2444.000000  5.600000e-02
2446.000000  5.500000e-02
2448.000000  5.460000e-02
2450.000000  5.460000e-02
2452.000000  5.430000e-02
2454.000000  5.460000e-02
2456.000000  5.370000e-02
2458.000000  5.390000e-02
2460.000000  5.460000e-02
2462.000000  5.440000e-02
2464.000000  5.440000e-02
2466.000000  5.410000e-02
2468.000000  5.390000e-02
2470.000000  5.290000e-02
2472.000000  5.330000e-02
2474.000000  5.310000e-02
2476.000000  5.340000e-02
2478.000000  5.300000e-02
2480.000000  5.180000e-02
2482.000000  5.140000e-02
2484.000000  5.220000e-02
2486.000000  5.160000e-02
2488.000000  5.170000e-02
2490.000000  5.230000e-02
2492.000000  5.200000e-02
2494.000000  5.180000e-02
2496.000000  5.150000e-02
2498.000000  5.150000e-02
2500.000000  5.160000e-02
2520.000000  4.980000e-02
2540.000000  4.810000e-02
2560.000000  4.670000e-02
2580.000000  4.550000e-02
2600.000000  4.460000e-02
2620.000000  4.310000e-02
2640.000000  4.210000e-02
2660.000000  4.080000e-02
2680.000000  3.970000e-02
2700.000000  3.870000e-02
2720.000000  3.760000e-02
2740.000000  3.660000e-02
2760.000000  3.550000e-02
2780.000000  3.470000e-02
2800.000000  3.390000e-02
2820.000000  3.300000e-02
2840.000000  3.210000e-02
2860.000000  3.120000e-02
2880.000000  3.030000e-02
2900.000000  2.970000e-02
2920.000000  2.890000e-02
2940.000000  2.820000e-02
2960.000000  2.750000e-02
2980.000000  2.680000e-02
3000.000000  2.610000e-02
3020.000000  2.550000e-02
3040.000000  2.470000e-02
3060.000000  2.420000e-02
3080.000000  2.360000e-02
3100.000000  2.310000e-02
3120.000000  2.250000e-02
3140.000000  2.200000e-02
3160.000000  2.140000e-02
3180.000000  2.100000e-02
3200.000000  2.050000e-02
3220.000000  2.000000e-02
3240.000000  1.950000e-02
3260.000000  1.910000e-02
3280.000000  1.860000e-02
3300.000000  1.800000e-02
3320.000000  1.770000e-02
3340.000000  1.740000e-02
3360.000000  1.700000e-02
3380.000000  1.660000e-02
3400.000000  1.620000e-02
3420.000000  1.580000e-02
3440.000000  1.550000e-02
3460.000000  1.520000e-02
3480.000000  1.490000e-02
3500.000000  1.460000e-02
3520.000000  1.430000e-02
3540.000000  1.390000e-02
3560.000000  1.360000e-02
3580.000000  1.330000e-02
3600.000000  1.310000e-02
3620.000000  1.280000e-02
3640.000000  1.250000e-02
3660.000000  1.220000e-02
3680.000000  1.190000e-02
3700.000000  1.160000e-02
3720.000000  1.150000e-02
3740.000000  1.110000e-02
3760.000000  1.100000e-02
3780.000000  1.080000e-02
3800.000000  1.060000e-02
3820.000000  1.040000e-02
3840.000000  1.020000e-02
3860.000000  9.980000e-03
3880.000000  9.780000e-03
3900.000000  9.600000e-03
3920.000000  9.430000e-03
3940.000000  9.230000e-03
3960.000000  9.030000e-03
3980.000000  8.860000e-03
4000.000000  8.670000e-03
4020.000000  8.560000e-03
4040.000000  8.390000e-03
4060.000000  8.220000e-03
4080.000000  8.050000e-03
4100.000000  7.890000e-03
4120.000000  7.740000e-03
4140.000000  7.590000e-03
4160.000000  7.440000e-03
4180.000000  7.290000e-03
4200.000000  7.150000e-03
4220.000000  7.020000e-03
4240.000000  6.880000e-03
4260.000000  6.750000e-03
4280.000000  6.620000e-03
4300.000000  6.500000e-03
4320.000000  6.370000e-03
4340.000000  6.250000e-03
4360.000000  6.140000e-03
4380.000000  6.020000e-03
4400.000000  5.910000e-03
4420.000000  5.800000e-03
4440.000000  5.700000e-03
4460.000000  5.590000e-03
4480.000000  5.490000e-03
4500.000000  5.390000e-03
4520.000000  5.300000e-03
4540.000000  5.200000e-03
4560.000000  5.110000e-03
4580.000000  5.020000e-03
4600.000000  4.930000e-03
4620.000000  4.840000e-03
4640.000000  4.760000e-03
4660.000000  4.670000e-03
4680.000000  4.590000e-03
4700.000000  4.510000e-03
4720.000000  4.440000e-03
4740.000000  4.360000e-03
4760.000000  4.290000e-03
4780.000000  4.210000e-03
4800.000000  4.140000e-03
4820.000000  4.070000e-03
4840.000000  4.000000e-03
4860.000000  3.940000e-03
4880.000000  3.870000e-03
4900.000000  3.810000e-03
4920.000000  3.740000e-03
4940.000000  3.680000e-03
4960.000000  3.620000e-03
4980.000000  3.560000e-03
5000.000000  3.500000e-03
5050.000000  3.390000e-03
5100.000000  3.270000e-03
5150.000000  3.150000e-03
5200.000000  3.030000e-03
5250.000000  2.920000e-03
5300.000000  2.820000e-03
5350.000000  2.720000e-03
5400.000000  2.620000e-03
5450.000000  2.530000e-03
5500.000000  2.440000e-03
5550.000000  2.360000e-03
5600.000000  2.280000e-03
5650.000000  2.200000e-03
5700.000000  2.120000e-03
5750.000000  2.050000e-03
5800.000000  1.990000e-03
5850.000000  1.920000e-03
5900.000000  1.860000e-03
5950.000000  1.800000e-03
6000.000000  1.740000e-03
6050.000000  1.690000e-03
6100.000000  1.630000e-03
6150.000000  1.580000e-03
6200.000000  1.530000e-03
6250.000000  1.490000e-03
6300.000000  1.440000e-03
6350.000000  1.400000e-03
6400.000000  1.360000e-03
6450.000000  1.320000e-03
6500.000000  1.280000e-03
6550.000000  1.240000e-03
6600.000000  1.200000e-03
6650.000000  1.170000e-03
6700.000000  1.140000e-03
6750.000000  1.100000e-03
6800.000000  1.070000e-03
6850.000000  1.040000e-03
6900.000000  1.010000e-03
6950.000000  9.860000e-04
7000.000000  9.590000e-04
7050.000000  9.330000e-04
7100.000000  9.080000e-04
7150.000000  8.840000e-04
7200.000000  8.600000e-04
7250.000000  8.370000e-04
7300.000000  8.150000e-04
7350.000000  7.940000e-04
7400.000000  7.740000e-04
7450.000000  7.540000e-04
7500.000000  7.340000e-04
7550.000000  7.160000e-04
7600.000000  6.980000e-04
7650.000000  6.800000e-04
7700.000000  6.630000e-04
7750.000000  6.470000e-04
7800.000000  6.310000e-04
7850.000000  6.160000e-04
7900.000000  6.010000e-04
7950.000000  5.860000e-04
8000.000000  5.720000e-04
8050.000000  5.590000e-04
8100.000000  5.450000e-04
8150.000000  5.320000e-04
8200.000000  5.200000e-04
8250.000000  5.080000e-04
8300.000000  4.960000e-04
8350.000000  4.850000e-04
8400.000000  4.740000e-04
8450.000000  4.630000e-04
8500.000000  4.530000e-04
8550.000000  4.420000e-04
8600.000000  4.320000e-04
8650.000000  4.230000e-04
8700.000000  4.140000e-04
8750.000000  4.040000e-04
8800.000000  3.960000e-04
8850.000000  3.870000e-04
8900.000000  3.790000e-04
8950.000000  3.710000e-04
9000.000000  3.630000e-04
9050.000000  3.550000e-04
9100.000000  3.480000e-04
9150.000000  3.400000e-04
9200.000000  3.330000e-04
9250.000000  3.260000e-04
9300.000000  3.200000e-04
9350.000000  3.130000e-04
9400.000000  3.070000e-04
9450.000000  3.000000e-04
9500.000000  2.940000e-04
9550.000000  2.880000e-04
9600.000000  2.830000e-04
9650.000000  2.770000e-04
9700.000000  2.710000e-04
9750.000000  2.660000e-04
9800.000000  2.610000e-04
9850.000000  2.560000e-04
9900.000000  2.510000e-04
9950.000000  2.460000e-04
10000.000000  2.410000e-04
