Std No.	Outgassing	ChemProd	ChemLoss	DryDepo		WetDepo		Escape		Condensation	Net Flux	Global Change
3	0.000000e+00	5.674262e+12	-5.672306e+12	-5.344043e+02	-1.524988e-05	-1.955408e+09	0.000000e+00	-7.285357e-03	-9.203265e-18
53	3.000000e+10	3.351015e+09	-6.900496e+09	-0.000000e+00	0.000000e+00	-2.645052e+10	0.000000e+00	4.855347e-02	3.694798e-24
1	0.000000e+00	1.281510e+13	-1.281510e+13	-1.039584e+03	-5.582944e-03	-0.000000e+00	0.000000e+00	2.355802e+00	1.435374e-18
56	0.000000e+00	6.141121e+12	-6.141121e+12	-0.000000e+00	-9.669304e-20	-0.000000e+00	0.000000e+00	-3.076172e+00	-2.357423e-10
54	0.000000e+00	1.236162e+13	-1.236162e+13	-0.000000e+00	0.000000e+00	-0.000000e+00	0.000000e+00	-5.191406e+00	-2.149515e-19
2	0.000000e+00	8.069876e+12	-8.069876e+12	-8.654987e+04	-3.123035e+01	-0.000000e+00	0.000000e+00	4.526672e+00	1.280209e-16
4	0.000000e+00	5.552754e+12	-5.552754e+12	-1.287142e+01	-5.467733e-02	-0.000000e+00	0.000000e+00	-4.046126e-01	-1.864157e-12
5	0.000000e+00	4.067945e+12	-4.066969e+12	-1.620497e+08	-8.135822e+08	-0.000000e+00	0.000000e+00	3.199697e-03	1.007724e-17
7	1.000000e-02	2.058680e+09	-1.135278e+11	-0.000000e+00	0.000000e+00	-0.000000e+00	-1.201007e+27	-1.201007e+27	-1.376557e+04
6	0.000000e+00	2.932881e+11	-2.183744e+11	-6.529303e+09	-6.838445e+10	-0.000000e+00	0.000000e+00	1.967316e-01	1.710522e-18
52	9.000000e-01	1.168265e+13	-1.172326e+13	-0.000000e+00	-2.483508e+14	-0.000000e+00	0.000000e+00	-2.483914e+14	-2.039134e-11
20	0.000000e+00	6.961445e+12	-6.959777e+12	-1.667974e+09	0.000000e+00	-0.000000e+00	0.000000e+00	2.804900e+00	2.167081e-23
22	0.000000e+00	4.062340e+10	-1.386816e+09	-7.309731e+08	-3.850561e+10	-0.000000e+00	0.000000e+00	8.239746e-04	1.782305e-19
61	0.000000e+00	1.172171e+12	-1.172166e+12	-5.187406e+06	-5.649383e-05	-0.000000e+00	0.000000e+00	-4.853958e-04	-1.869062e-17
19	0.000000e+00	3.714558e+10	-3.714558e+10	-0.000000e+00	-7.050737e-18	-0.000000e+00	0.000000e+00	1.967621e-02	1.717580e-19
58	0.000000e+00	6.841753e+06	-6.841753e+06	-0.000000e+00	-5.901997e-24	-0.000000e+00	0.000000e+00	1.003779e-04	5.041900e-10
59	0.000000e+00	1.601766e+07	-1.601766e+07	-0.000000e+00	-3.399305e-24	-0.000000e+00	0.000000e+00	7.450581e-09	6.009138e-14
80	0.000000e+00	5.510397e+07	-5.510397e+07	-0.000000e+00	-5.882126e-23	-0.000000e+00	0.000000e+00	8.866712e-04	2.681737e-11
60	0.000000e+00	3.715363e+08	-3.715363e+08	-0.000000e+00	-3.962020e-10	-0.000000e+00	0.000000e+00	6.859299e-04	3.202452e-12
21	3.000000e+08	6.365010e+06	-3.063650e+08	-0.000000e+00	0.000000e+00	-0.000000e+00	0.000000e+00	-8.251131e-03	-2.224666e-23
62	0.000000e+00	3.671849e+07	-3.671849e+07	-1.262786e-01	-1.375247e-12	-0.000000e+00	0.000000e+00	-4.129633e-09	-3.847309e-15
24	0.000000e+00	7.125334e+03	-2.216974e+03	-7.806875e+02	-4.127673e+03	-0.000000e+00	0.000000e+00	-1.882654e-10	-2.354823e-20
63	0.000000e+00	2.752032e-01	-2.744095e-01	-1.488350e-05	-7.788494e-04	-0.000000e+00	0.000000e+00	-2.068189e-13	-2.774019e-15
23	0.000000e+00	9.052396e+01	-1.831448e+00	-1.663083e+00	-8.702943e+01	-0.000000e+00	0.000000e+00	1.364242e-12	1.291132e-19
71	0.000000e+00	1.413492e+08	-1.413492e+08	-0.000000e+00	-5.713857e-05	-0.000000e+00	0.000000e+00	-7.515179e-09	-2.658377e-12
25	0.000000e+00	1.249443e+01	-1.241292e+01	-9.973637e-03	-7.153092e-02	-0.000000e+00	0.000000e+00	9.602957e-12	7.812296e-19
26	0.000000e+00	1.302058e-39	-2.090297e-18	-0.000000e+00	-2.877403e-44	-0.000000e+00	0.000000e+00	-2.090297e-18	-3.541653e+01
64	0.000000e+00	7.251340e-02	-7.251340e-02	-0.000000e+00	-9.086795e-26	-0.000000e+00	0.000000e+00	2.509798e-13	3.030016e-11
27	0.000000e+00	1.544085e+02	-1.544085e+02	-0.000000e+00	0.000000e+00	-0.000000e+00	0.000000e+00	2.761027e-09	1.642617e-14
28	0.000000e+00	2.275190e-01	-2.275190e-01	-0.000000e+00	-3.393152e-18	-0.000000e+00	0.000000e+00	1.041910e-13	2.922082e-14
29	0.000000e+00	6.215735e+03	-6.215735e+03	-0.000000e+00	0.000000e+00	-0.000000e+00	0.000000e+00	4.599315e-09	4.333577e-18
30	0.000000e+00	3.333173e+04	-3.333173e+04	-0.000000e+00	-5.603728e-13	-0.000000e+00	0.000000e+00	7.219920e-11	2.479626e-17
31	0.000000e+00	6.610550e+04	-3.384310e+04	-3.226240e+04	0.000000e+00	-0.000000e+00	0.000000e+00	-3.357127e-08	-1.343024e-23
32	0.000000e+00	1.321225e+03	-1.321225e+03	-0.000000e+00	-4.090966e-21	-0.000000e+00	0.000000e+00	-6.821210e-13	-1.217172e-20
33	0.000000e+00	2.939721e+03	-2.870821e+03	-1.291132e+00	-6.760850e+01	-0.000000e+00	0.000000e+00	0.000000e+00	0.000000e+00
34	0.000000e+00	1.267512e+08	-1.267502e+08	-9.880123e+02	-1.076002e-08	-0.000000e+00	0.000000e+00	1.427268e-08	2.884107e-18
35	0.000000e+00	4.153553e+06	-4.139143e+06	-9.468257e+03	-4.941746e+03	-0.000000e+00	0.000000e+00	1.887929e-08	3.075632e-19
36	0.000000e+00	1.587856e+04	-1.587856e+04	-3.578568e-03	-3.897784e-14	-0.000000e+00	0.000000e+00	-2.079019e-12	-2.648516e-18
40	0.000000e+00	0.000000e+00	0.000000e+00	-0.000000e+00	0.000000e+00	-0.000000e+00	0.000000e+00	0.000000e+00	nan
41	0.000000e+00	0.000000e+00	0.000000e+00	-0.000000e+00	0.000000e+00	-0.000000e+00	0.000000e+00	0.000000e+00	nan
76	0.000000e+00	0.000000e+00	0.000000e+00	-0.000000e+00	0.000000e+00	-0.000000e+00	0.000000e+00	0.000000e+00	nan
77	0.000000e+00	0.000000e+00	0.000000e+00	-0.000000e+00	0.000000e+00	-0.000000e+00	0.000000e+00	0.000000e+00	nan
42	0.000000e+00	0.000000e+00	0.000000e+00	-0.000000e+00	0.000000e+00	-0.000000e+00	0.000000e+00	0.000000e+00	nan
43	0.000000e+00	0.000000e+00	0.000000e+00	-0.000000e+00	0.000000e+00	-0.000000e+00	0.000000e+00	0.000000e+00	nan
74	0.000000e+00	0.000000e+00	0.000000e+00	-0.000000e+00	0.000000e+00	-0.000000e+00	0.000000e+00	0.000000e+00	nan
75	0.000000e+00	0.000000e+00	0.000000e+00	-0.000000e+00	0.000000e+00	-0.000000e+00	0.000000e+00	0.000000e+00	nan
44	0.000000e+00	0.000000e+00	0.000000e+00	-0.000000e+00	0.000000e+00	-0.000000e+00	0.000000e+00	0.000000e+00	nan
45	0.000000e+00	0.000000e+00	0.000000e+00	-0.000000e+00	0.000000e+00	-0.000000e+00	0.000000e+00	0.000000e+00	nan
46	0.000000e+00	0.000000e+00	0.000000e+00	-0.000000e+00	0.000000e+00	-0.000000e+00	0.000000e+00	0.000000e+00	nan
47	0.000000e+00	0.000000e+00	0.000000e+00	-0.000000e+00	0.000000e+00	-0.000000e+00	0.000000e+00	0.000000e+00	nan
48	0.000000e+00	0.000000e+00	0.000000e+00	-0.000000e+00	0.000000e+00	-0.000000e+00	0.000000e+00	0.000000e+00	nan
68	0.000000e+00	0.000000e+00	0.000000e+00	-0.000000e+00	0.000000e+00	-0.000000e+00	0.000000e+00	0.000000e+00	nan
73	0.000000e+00	0.000000e+00	0.000000e+00	-0.000000e+00	0.000000e+00	-0.000000e+00	0.000000e+00	0.000000e+00	nan
78	0.000000e+00	0.000000e+00	0.000000e+00	-0.000000e+00	0.000000e+00	-0.000000e+00	0.000000e+00	0.000000e+00	nan
79	0.000000e+00	0.000000e+00	0.000000e+00	-0.000000e+00	0.000000e+00	-0.000000e+00	0.000000e+00	0.000000e+00	nan
111	0.000000e+00	0.000000e+00	0.000000e+00	-0.000000e+00	0.000000e+00	-0.000000e+00	0.000000e+00	0.000000e+00	nan
