z			Air

0.100000		2.483868e+19
0.300000		2.422693e+19
0.500000		2.362424e+19
0.700000		2.303053e+19
0.900000		2.244577e+19
1.100000		2.186995e+19
1.300000		2.130301e+19
1.500000		2.074486e+19
1.700000		2.019550e+19
1.900000		1.965490e+19
2.100000		1.912296e+19
2.300000		1.859968e+19
2.500000		1.808502e+19
2.700000		1.757891e+19
2.900000		1.708130e+19
3.100000		1.659216e+19
3.300000		1.611145e+19
3.500000		1.563910e+19
3.700000		1.517508e+19
3.900000		1.471935e+19
4.100000		1.427184e+19
4.300000		1.383250e+19
4.500000		1.340132e+19
4.700000		1.297823e+19
4.900000		1.256317e+19
5.100000		1.215611e+19
5.300000		1.175698e+19
5.500000		1.136574e+19
5.700000		1.098234e+19
5.900000		1.060673e+19
6.100000		1.022660e+19
6.300000		9.831755e+18
6.500000		9.436822e+18
6.700000		9.054112e+18
6.900000		8.683365e+18
7.100000		8.324320e+18
7.300000		7.976712e+18
7.500000		7.640297e+18
7.700000		7.314823e+18
7.900000		7.000032e+18
8.100000		6.695691e+18
8.300000		6.401553e+18
8.500000		6.117374e+18
8.700000		5.829005e+18
8.900000		5.522457e+18
9.100000		5.215883e+18
9.300000		4.926328e+18
9.500000		4.652842e+18
9.700000		4.394544e+18
9.900000		4.150585e+18
10.100000		3.920165e+18
10.300000		3.702541e+18
10.500000		3.496998e+18
10.700000		3.302861e+18
10.900000		3.119506e+18
11.100000		2.946330e+18
11.300000		2.782764e+18
11.500000		2.628281e+18
11.700000		2.482375e+18
11.900000		2.344565e+18
12.100000		2.214409e+18
12.300000		2.091478e+18
12.500000		1.975369e+18
12.700000		1.865709e+18
12.900000		1.762136e+18
13.100000		1.664310e+18
13.300000		1.571918e+18
13.500000		1.484654e+18
13.700000		1.402233e+18
13.900000		1.324390e+18
14.100000		1.250868e+18
14.300000		1.181425e+18
14.500000		1.115838e+18
14.700000		1.053894e+18
14.900000		9.953879e+17
15.100000		9.401288e+17
15.300000		8.879384e+17
15.500000		8.386453e+17
15.700000		7.920878e+17
15.900000		7.481158e+17
16.100000		7.065849e+17
16.300000		6.673587e+17
16.500000		6.303109e+17
16.700000		5.953198e+17
16.900000		5.622706e+17
17.100000		5.310566e+17
17.300000		5.015755e+17
17.500000		4.737305e+17
17.700000		4.474318e+17
17.900000		4.225930e+17
18.100000		3.991327e+17
18.300000		3.769752e+17
18.500000		3.560478e+17
18.700000		3.362818e+17
18.900000		3.176134e+17
19.100000		2.999814e+17
19.300000		2.833279e+17
19.500000		2.675992e+17
19.700000		2.527437e+17
19.900000		2.387126e+17
20.100000		2.254607e+17
20.300000		2.129445e+17
20.500000		2.011228e+17
20.700000		1.899577e+17
20.900000		1.794124e+17
21.100000		1.694522e+17
21.300000		1.600453e+17
21.500000		1.511605e+17
21.700000		1.427688e+17
21.900000		1.348431e+17
22.100000		1.273574e+17
22.300000		1.202872e+17
22.500000		1.136094e+17
22.700000		1.073025e+17
22.900000		1.013457e+17
23.100000		9.571948e+16
23.300000		9.040571e+16
23.500000		8.538692e+16
23.700000		8.064665e+16
23.900000		7.616963e+16
24.100000		7.194114e+16
24.300000		6.794732e+16
24.500000		6.417529e+16
24.700000		6.061266e+16
24.900000		5.724774e+16
25.100000		5.406968e+16
25.300000		5.106806e+16
25.500000		4.823301e+16
25.700000		4.555540e+16
25.900000		4.302643e+16
26.100000		4.063781e+16
26.300000		3.838184e+16
26.500000		3.625111e+16
26.700000		3.423863e+16
26.900000		3.233790e+16
27.100000		3.054269e+16
27.300000		2.884711e+16
27.500000		2.724569e+16
27.700000		2.573317e+16
27.900000		2.430459e+16
28.100000		2.295535e+16
28.300000		2.168100e+16
28.500000		2.047738e+16
28.700000		1.934060e+16
28.900000		1.826692e+16
29.100000		1.725283e+16
29.300000		1.629506e+16
29.500000		1.539045e+16
29.700000		1.453605e+16
29.900000		1.372909e+16
30.100000		1.296694e+16
30.300000		1.224707e+16
30.500000		1.156718e+16
30.700000		1.092504e+16
30.900000		1.031854e+16
31.100000		9.745707e+15
31.300000		9.204683e+15
31.500000		8.693694e+15
31.700000		8.211062e+15
31.900000		7.755233e+15
32.100000		7.324708e+15
32.300000		6.918076e+15
32.500000		6.534026e+15
32.700000		6.171295e+15
32.900000		5.828695e+15
33.100000		5.505121e+15
33.300000		5.199509e+15
33.500000		4.910858e+15
33.700000		4.638236e+15
33.900000		4.380749e+15
34.100000		4.137551e+15
34.300000		3.907859e+15
34.500000		3.690917e+15
34.700000		3.486016e+15
34.900000		3.292493e+15
35.100000		3.109713e+15
35.300000		2.937077e+15
35.500000		2.774028e+15
35.700000		2.620030e+15
35.900000		2.474579e+15
36.100000		2.337205e+15
36.300000		2.207457e+15
36.500000		2.084910e+15
36.700000		1.969168e+15
36.900000		1.859852e+15
37.100000		1.756602e+15
37.300000		1.659086e+15
37.500000		1.566983e+15
37.700000		1.479992e+15
37.900000		1.397832e+15
38.100000		1.320232e+15
38.300000		1.246939e+15
38.500000		1.177715e+15
38.700000		1.112336e+15
38.900000		1.050585e+15
39.100000		9.922619e+14
39.300000		9.371775e+14
39.500000		8.851509e+14
39.700000		8.360117e+14
39.900000		7.896013e+14
40.100000		7.457673e+14
40.300000		7.043659e+14
40.500000		6.652637e+14
40.700000		6.283322e+14
40.900000		5.934503e+14
41.100000		5.605054e+14
41.300000		5.293895e+14
41.500000		5.000004e+14
41.700000		4.722433e+14
41.900000		4.460272e+14
42.100000		4.212659e+14
42.300000		3.978798e+14
42.500000		3.757918e+14
42.700000		3.549297e+14
42.900000		3.352261e+14
43.100000		3.166163e+14
43.300000		2.990393e+14
43.500000		2.824385e+14
43.700000		2.667592e+14
43.900000		2.519500e+14
44.100000		2.379632e+14
44.300000		2.247529e+14
44.500000		2.122757e+14
44.700000		2.004914e+14
44.900000		1.893613e+14
45.100000		1.788489e+14
45.300000		1.689203e+14
45.500000		1.595428e+14
45.700000		1.506858e+14
45.900000		1.423205e+14
46.100000		1.344197e+14
46.300000		1.269575e+14
46.500000		1.199094e+14
46.700000		1.132528e+14
46.900000		1.069657e+14
47.100000		1.010274e+14
47.300000		9.541899e+13
47.500000		9.012190e+13
47.700000		8.511877e+13
47.900000		8.039348e+13
48.100000		7.593051e+13
48.300000		7.171522e+13
48.500000		6.773402e+13
48.700000		6.397383e+13
48.900000		6.042231e+13
49.100000		5.706802e+13
49.300000		5.389995e+13
49.500000		5.090768e+13
49.700000		4.808159e+13
49.900000		4.541239e+13
50.100000		4.289131e+13
50.300000		4.051024e+13
50.500000		3.826135e+13
50.700000		3.613727e+13
50.900000		3.413114e+13
51.100000		3.223639e+13
51.300000		3.044678e+13
51.500000		2.875655e+13
51.700000		2.716016e+13
51.900000		2.565236e+13
52.100000		2.422829e+13
52.300000		2.288328e+13
52.500000		2.161291e+13
52.700000		2.041309e+13
52.900000		1.927988e+13
53.100000		1.820956e+13
53.300000		1.719867e+13
53.500000		1.624390e+13
53.700000		1.534212e+13
53.900000		1.449040e+13
54.100000		1.368604e+13
54.300000		1.292641e+13
54.500000		1.220894e+13
54.700000		1.153129e+13
54.900000		1.089125e+13
55.100000		1.028674e+13
55.300000		9.715782e+12
55.500000		9.176514e+12
55.700000		8.667178e+12
55.900000		8.186113e+12
56.100000		7.731749e+12
56.300000		7.302604e+12
56.500000		6.897278e+12
56.700000		6.514449e+12
56.900000		6.152869e+12
57.100000		5.811358e+12
57.300000		5.488803e+12
57.500000		5.184151e+12
57.700000		4.896408e+12
57.900000		4.624637e+12
58.100000		4.367949e+12
58.300000		4.125509e+12
58.500000		3.896526e+12
58.700000		3.680252e+12
58.900000		3.475982e+12
59.100000		3.283050e+12
59.300000		3.100827e+12
59.500000		2.928718e+12
59.700000		2.766161e+12
59.900000		2.612627e+12
60.100000		2.467615e+12
60.300000		2.330652e+12
60.500000		2.201291e+12
60.700000		2.079110e+12
60.900000		1.963710e+12
61.100000		1.854716e+12
61.300000		1.751773e+12
61.500000		1.654543e+12
61.700000		1.562709e+12
61.900000		1.475973e+12
62.100000		1.394050e+12
62.300000		1.316674e+12
62.500000		1.243593e+12
62.700000		1.174568e+12
62.900000		1.109375e+12
63.100000		1.047800e+12
63.300000		9.896422e+11
63.500000		9.347128e+11
63.700000		8.828323e+11
63.900000		8.338313e+11
64.100000		7.875501e+11
64.300000		7.438377e+11
64.500000		7.025515e+11
64.700000		6.635568e+11
64.900000		6.267265e+11
65.100000		5.919405e+11
65.300000		5.590853e+11
65.500000		5.280537e+11
65.700000		4.987445e+11
65.900000		4.710620e+11
66.100000		4.449160e+11
66.300000		4.202212e+11
66.500000		3.968971e+11
66.700000		3.748677e+11
66.900000		3.540609e+11
67.100000		3.344090e+11
67.300000		3.158479e+11
67.500000		2.983170e+11
67.700000		2.817591e+11
67.900000		2.661202e+11
68.100000		2.513494e+11
68.300000		2.373984e+11
68.500000		2.242218e+11
68.700000		2.117766e+11
68.900000		2.000221e+11
69.100000		1.889200e+11
69.300000		1.784341e+11
69.500000		1.685303e+11
69.700000		1.591761e+11
69.900000		1.503411e+11
70.100000		1.419966e+11
70.300000		1.341151e+11
70.500000		1.266712e+11
70.700000		1.196404e+11
70.900000		1.129998e+11
71.100000		1.067279e+11
71.300000		1.008040e+11
71.500000		9.520894e+10
71.700000		8.992443e+10
71.900000		8.493324e+10
72.100000		8.021908e+10
72.300000		7.576658e+10
72.500000		7.156121e+10
72.700000		6.758925e+10
72.900000		6.383776e+10
73.100000		6.029449e+10
73.300000		5.694788e+10
73.500000		5.378703e+10
73.700000		5.080162e+10
73.900000		4.798191e+10
74.100000		4.531871e+10
74.300000		4.280333e+10
74.500000		4.042756e+10
74.700000		3.818365e+10
74.900000		3.606430e+10
75.100000		3.406257e+10
75.300000		3.217195e+10
75.500000		3.038627e+10
75.700000		2.869971e+10
75.900000		2.710675e+10
76.100000		2.560221e+10
76.300000		2.418117e+10
76.500000		2.283901e+10
76.700000		2.157136e+10
76.900000		2.037407e+10
77.100000		1.924323e+10
77.300000		1.817516e+10
77.500000		1.716636e+10
77.700000		1.621356e+10
77.900000		1.531363e+10
78.100000		1.446366e+10
78.300000		1.366087e+10
78.500000		1.290263e+10
78.700000		1.218648e+10
78.900000		1.151008e+10
79.100000		1.087122e+10
79.300000		1.026782e+10
79.500000		9.697910e+09
79.700000		9.159634e+09
79.900000		8.651235e+09
80.100000		8.171055e+09
80.300000		7.717526e+09
80.500000		7.289171e+09
80.700000		6.884590e+09
80.900000		6.502466e+09
81.100000		6.141551e+09
81.300000		5.800668e+09
81.500000		5.478706e+09
81.700000		5.174615e+09
81.900000		4.887401e+09
82.100000		4.616130e+09
82.300000		4.359915e+09
82.500000		4.117920e+09
82.700000		3.889358e+09
82.900000		3.673482e+09
83.100000		3.469588e+09
83.300000		3.277011e+09
83.500000		3.095123e+09
83.700000		2.923330e+09
83.900000		2.761073e+09
84.100000		2.607821e+09
84.300000		2.463076e+09
84.500000		2.326365e+09
84.700000		2.197242e+09
84.900000		2.075285e+09
85.100000		1.960098e+09
85.300000		1.851304e+09
85.500000		1.748549e+09
85.700000		1.651497e+09
85.900000		1.559832e+09
86.100000		1.473255e+09
86.300000		1.391483e+09
86.500000		1.314249e+09
86.700000		1.241303e+09
86.900000		1.172405e+09
87.100000		1.107332e+09
87.300000		1.045870e+09
87.500000		9.878197e+08
87.700000		9.329915e+08
87.900000		8.812064e+08
88.100000		8.322956e+08
88.300000		7.860996e+08
88.500000		7.424677e+08
88.700000		7.012576e+08
88.900000		6.623348e+08
89.100000		6.255724e+08
89.300000		5.908504e+08
89.500000		5.580557e+08
89.700000		5.270812e+08
89.900000		4.978259e+08
90.100000		4.701944e+08
90.300000		4.440966e+08
90.500000		4.194474e+08
90.700000		3.961662e+08
90.900000		3.741773e+08
91.100000		3.534088e+08
91.300000		3.337931e+08
91.500000		3.152662e+08
91.700000		2.977676e+08
91.900000		2.812402e+08
92.100000		2.656302e+08
92.300000		2.508866e+08
92.500000		2.369615e+08
92.700000		2.238092e+08
92.900000		2.113869e+08
93.100000		1.996541e+08
93.300000		1.885725e+08
93.500000		1.781059e+08
93.700000		1.682202e+08
93.900000		1.588833e+08
94.100000		1.500646e+08
94.300000		1.417354e+08
94.500000		1.338684e+08
94.700000		1.264382e+08
94.900000		1.194203e+08
95.100000		1.127920e+08
95.300000		1.065315e+08
95.500000		1.006186e+08
95.700000		9.503380e+07
95.900000		8.975901e+07
96.100000		8.477700e+07
96.300000		8.007152e+07
96.500000		7.562720e+07
96.700000		7.142957e+07
96.900000		6.746493e+07
97.100000		6.372033e+07
97.300000		6.018358e+07
97.500000		5.684313e+07
97.700000		5.368809e+07
97.900000		5.070817e+07
98.100000		4.789365e+07
98.300000		4.523535e+07
98.500000		4.272459e+07
98.700000		4.035319e+07
98.900000		3.811342e+07
99.100000		3.599796e+07
99.300000		3.399992e+07
99.500000		3.211277e+07
99.700000		3.033038e+07
99.900000		2.864691e+07
